1 0 0 1.68141e-05 0 1 0 -4.68574e-06 -0 0 1 -6.66761e-11
0.998535 -0.0535956 0.00745167 -0.00696131 0.0538063 0.998047 -0.0317433 0.00359527 -0.00573581 0.0320978 0.999468 -0.0035187
0.998535 -0.0535956 0.00745167 0.0118056 0.0538063 0.998047 -0.0317433 6.19691e-05 -0.00573581 0.0320978 0.999468 -0.0940736
0.998535 -0.0535956 0.00745167 0.00799762 0.0538063 0.998047 -0.0317433 -0.00192509 -0.00573581 0.0320978 0.999468 -0.107323
0.998535 -0.0535956 0.00745167 0.0142522 0.0538063 0.998047 -0.0317433 -0.0112397 -0.00573581 0.0320978 0.999468 -0.146059
0.998535 -0.0535956 0.00745167 0.0192936 0.0538063 0.998047 -0.0317433 -0.0192326 -0.00573581 0.0320978 0.999468 -0.205199
0.998544 -0.053479 0.00701705 0.0199826 0.0536758 0.998054 -0.031734 -0.0265724 -0.00530629 0.0320644 0.999472 -0.248046
0.998545 -0.0535488 0.00635294 0.0195189 0.053724 0.998053 -0.0316961 -0.0280034 -0.00464328 0.0319913 0.999477 -0.236186
0.998545 -0.0535488 0.00635294 0.0233021 0.053724 0.998053 -0.0316961 -0.0449151 -0.00464328 0.0319913 0.999477 -0.341301
0.998541 -0.0535149 0.00720741 0.0356809 0.0537178 0.998051 -0.031751 -0.0369356 -0.00549421 0.0320918 0.99947 -0.368515
0.998549 -0.0533717 0.00713792 0.0299549 0.0535717 0.998064 -0.0316066 -0.0443193 -0.0054372 0.0319431 0.999475 -0.374605
0.998545 -0.0534696 0.00700912 0.0445089 0.0536662 0.998054 -0.0317454 -0.0506871 -0.00529807 0.0320754 0.999471 -0.474801
0.998545 -0.0534696 0.00700912 0.0477707 0.0536662 0.998054 -0.0317454 -0.0510062 -0.00529807 0.0320754 0.999471 -0.462825
0.998542 -0.0535246 0.00701086 0.043932 0.0537214 0.99805 -0.0317941 -0.0570818 -0.00529542 0.0321243 0.99947 -0.511151
0.998545 -0.053429 0.00730219 0.0516916 0.0536346 0.998058 -0.0316764 -0.0577963 -0.00559557 0.032022 0.999471 -0.520871
0.998545 -0.053429 0.00730219 0.0490704 0.0536346 0.998058 -0.0316764 -0.0571245 -0.00559557 0.032022 0.999471 -0.517227
0.998545 -0.053414 0.00737626 0.0685836 0.0536217 0.99806 -0.0316268 -0.0668463 -0.00567263 0.0319763 0.999472 -0.611845
0.998545 -0.053414 0.00737626 0.0633158 0.0536217 0.99806 -0.0316268 -0.0652644 -0.00567263 0.0319763 0.999472 -0.65278
0.998519 -0.053861 0.00761735 0.078925 0.0540754 0.99804 -0.0315005 0.111244 -0.00590577 0.0318657 0.999475 -0.653255
0.992406 -0.122351 0.0126764 0.108641 0.122686 0.991983 -0.0302867 0.47526 -0.00886919 0.0316119 0.999461 -0.664452
0.992406 -0.122351 0.0126764 0.0835977 0.122686 0.991983 -0.0302867 0.907168 -0.00886919 0.0316119 0.999461 -0.662882
0.974534 -0.223814 0.0138275 0.0893899 0.224154 0.974019 -0.0322734 0.882179 -0.00624501 0.034551 0.999383 -0.753817
0.97448 -0.224111 0.0127579 0.11013 0.224417 0.973938 -0.0328987 0.869549 -0.00505238 0.0349223 0.999377 -0.86019
0.97448 -0.224111 0.0127579 0.103174 0.224417 0.973938 -0.0328987 0.944243 -0.00505238 0.0349223 0.999377 -0.851536
0.97448 -0.224111 0.0127579 0.0870001 0.224417 0.973938 -0.0328987 1.24955 -0.00505238 0.0349223 0.999377 -0.868988
0.93184 -0.362392 0.0186253 -0.214199 0.362841 0.931181 -0.0353166 2.39909 -0.00454514 0.0396674 0.999203 -0.818668
0.919325 -0.392754 0.0242174 -0.853631 0.393425 0.918609 -0.037079 4.40499 -0.00768337 0.0436154 0.999019 -0.828148
0.975911 -0.21732 0.0192405 -1.26658 0.217867 0.975402 -0.0335265 7.10886 -0.0114812 0.0369107 0.999253 -0.787275
0.975911 -0.21732 0.0192405 -1.27639 0.217867 0.975402 -0.0335265 10.8421 -0.0114812 0.0369107 0.999253 -0.559765
0.987898 -0.154667 0.011659 -1.38825 0.154855 0.987782 -0.0175109 15.0213 -0.00880824 0.0191045 0.999779 -0.541499
0.987898 -0.154667 0.011659 -1.2848 0.154855 0.987782 -0.0175109 19.7328 -0.00880824 0.0191045 0.999779 -0.514123
0.995383 -0.0951383 0.0126765 -1.10083 0.0953073 0.995357 -0.0134687 24.6423 -0.0113362 0.0146147 0.999829 -0.508169
0.997266 -0.0729487 0.0118154 -0.810515 0.0730745 0.99727 -0.0105934 29.3055 -0.0110104 0.0114278 0.999874 -0.48784
0.997266 -0.0729487 0.0118154 -0.561284 0.0730745 0.99727 -0.0105934 33.6396 -0.0110104 0.0114278 0.999874 -0.462395
0.996823 -0.0789565 0.010498 -0.399807 0.0790945 0.996776 -0.0134516 37.8122 -0.00940205 0.0142392 0.999854 -0.453694
0.994935 -0.100482 -0.00271796 -0.256064 0.100465 0.994924 -0.00572409 41.8745 0.00327933 0.00542203 0.99998 -0.448015
0.994935 -0.100482 -0.00271796 -0.0953847 0.100465 0.994924 -0.00572409 45.8345 0.00327933 0.00542203 0.99998 -0.416718
0.996546 -0.0827885 -0.0064957 0.0695891 0.082702 0.996494 -0.0126269 50.0937 0.00751829 0.0120461 0.999899 -0.425132
0.996565 -0.0827601 -0.00284604 0.296149 0.0827444 0.996557 -0.0052606 54.8346 0.00327161 0.00500704 0.999982 -0.409243
0.996565 -0.0827601 -0.00284604 0.523565 0.0827444 0.996557 -0.0052606 59.6402 0.00327161 0.00500704 0.999982 -0.380306
0.996049 -0.0887171 0.00406387 0.758338 0.0887427 0.996032 -0.0066356 64.2696 -0.00345905 0.00697002 0.99997 -0.352161
0.996784 -0.0796812 -0.00853949 0.968924 0.0796095 0.99679 -0.00843803 68.6088 0.00918443 0.00773106 0.999928 -0.310614
0.996784 -0.0796812 -0.00853949 1.28954 0.0796095 0.99679 -0.00843803 73.0701 0.00918443 0.00773106 0.999928 -0.257595
0.998714 -0.0506868 -0.00122409 1.72231 0.0506704 0.998656 -0.0109265 77.8873 0.00177628 0.0108504 0.99994 -0.193631
0.998349 -0.0534433 0.0210382 2.16646 0.0533867 0.998569 0.00324072 82.9499 -0.0211813 -0.0021122 0.999773 -0.172268
0.998349 -0.0534433 0.0210382 2.48378 0.0533867 0.998569 0.00324072 88.1761 -0.0211813 -0.0021122 0.999773 -0.125231
0.997419 -0.070177 0.0151731 2.92778 0.0702877 0.997503 -0.00689127 93.5504 -0.0146516 0.00793997 0.999861 -0.0859435
0.997419 -0.070177 0.0151731 3.402 0.0702877 0.997503 -0.00689127 99.0084 -0.0146516 0.00793997 0.999861 -0.164093
0.998873 -0.0435189 0.0189537 3.90027 0.0433084 0.998997 0.0113781 104.692 -0.0194298 -0.0105444 0.999756 -0.163398
0.998069 -0.0560152 0.0268629 4.3632 0.0557554 0.998391 0.0103231 110.543 -0.0273979 -0.00880542 0.999586 -0.182876
0.998069 -0.0560152 0.0268629 4.77545 0.0557554 0.998391 0.0103231 116.435 -0.0273979 -0.00880542 0.999586 -0.179568
0.998069 -0.0560152 0.0268629 5.14482 0.0557554 0.998391 0.0103231 122.328 -0.0273979 -0.00880542 0.999586 -0.183938
0.998069 -0.0560152 0.0268629 5.50324 0.0557554 0.998391 0.0103231 128.145 -0.0273979 -0.00880542 0.999586 -0.184759
0.99663 -0.0739975 0.0354077 5.85879 0.0733266 0.99711 0.0198879 133.773 -0.036777 -0.0172246 0.999175 -0.181329
0.996912 -0.0726811 0.0297186 6.17962 0.0723051 0.997291 0.013537 139.202 -0.030622 -0.0113464 0.999467 -0.163512
0.996912 -0.0726811 0.0297186 6.50833 0.0723051 0.997291 0.013537 144.406 -0.030622 -0.0113464 0.999467 -0.164309
0.997271 -0.0686705 0.0270939 6.8606 0.0682935 0.997558 0.0146048 149.297 -0.0280307 -0.0127146 0.999526 -0.142517
0.998992 -0.0360385 0.0267579 7.29166 0.035545 0.999193 0.0186975 153.329 -0.0274101 -0.0177276 0.999467 -0.277442
0.998992 -0.0360385 0.0267579 8.01616 0.035545 0.999193 0.0186975 156.565 -0.0274101 -0.0177276 0.999467 -0.272735
0.979452 0.201204 0.0138089 9.33178 -0.20136 0.979456 0.0109489 158.976 -0.0113223 -0.0135045 0.999845 -0.235073
0.979452 0.201204 0.0138089 11.0881 -0.20136 0.979456 0.0109489 160.452 -0.0113223 -0.0135045 0.999845 -0.174587
