1 0 0 0 0 1 0 0 -0 0 1 0
0.998535 -0.0535956 0.00745167 0.300819 0.0538063 0.998047 -0.0317433 -1.62808 -0.00573581 0.0320978 0.999468 -0.00825441
0.998535 -0.0535956 0.00745167 0.300819 0.0538063 0.998047 -0.0317433 -1.62808 -0.00573581 0.0320978 0.999468 -0.00825441
0.998535 -0.0535956 0.00745167 0.300819 0.0538063 0.998047 -0.0317433 -1.62808 -0.00573581 0.0320978 0.999468 -0.00825441
0.998535 -0.0535956 0.00745167 0.300819 0.0538063 0.998047 -0.0317433 -1.62808 -0.00573581 0.0320978 0.999468 -0.00825441
0.998535 -0.0535956 0.00745167 0.300819 0.0538063 0.998047 -0.0317433 -1.62808 -0.00573581 0.0320978 0.999468 -0.00825441
0.998544 -0.053479 0.00701705 0.303806 0.0536758 0.998054 -0.031734 -1.62759 -0.00530629 0.0320644 0.999472 -0.00695222
0.998545 -0.0535488 0.00635294 0.304638 0.053724 0.998053 -0.0316961 -1.62744 -0.00464328 0.0319913 0.999477 -0.00620994
0.998545 -0.0535488 0.00635294 0.304638 0.053724 0.998053 -0.0316961 -1.62744 -0.00464328 0.0319913 0.999477 -0.00620994
0.998541 -0.0535149 0.00720741 0.303605 0.0537178 0.998051 -0.031751 -1.6269 -0.00549421 0.0320918 0.99947 -0.00916982
0.998549 -0.0533717 0.00713792 0.302461 0.0535717 0.998064 -0.0316066 -1.62679 -0.0054372 0.0319431 0.999475 -0.00957212
0.998545 -0.0534696 0.00700912 0.302638 0.0536662 0.998054 -0.0317454 -1.62739 -0.00529807 0.0320754 0.999471 -0.00847257
0.998545 -0.0534696 0.00700912 0.302638 0.0536662 0.998054 -0.0317454 -1.62739 -0.00529807 0.0320754 0.999471 -0.00847257
0.998542 -0.0535246 0.00701086 0.3025 0.0537214 0.99805 -0.0317941 -1.62488 -0.00529542 0.0321243 0.99947 -0.00762637
0.998545 -0.053429 0.00730219 0.301581 0.0536346 0.998058 -0.0316764 -1.62985 -0.00559557 0.032022 0.999471 -0.010705
0.998545 -0.053429 0.00730219 0.301581 0.0536346 0.998058 -0.0316764 -1.62985 -0.00559557 0.032022 0.999471 -0.010705
0.998545 -0.053414 0.00737626 0.301995 0.0536217 0.99806 -0.0316268 -1.62474 -0.00567263 0.0319763 0.999472 -0.0102881
0.998545 -0.053414 0.00737626 0.301995 0.0536217 0.99806 -0.0316268 -1.62474 -0.00567263 0.0319763 0.999472 -0.0102881
0.998519 -0.053861 0.00761735 0.302117 0.0540754 0.99804 -0.0315005 -1.57578 -0.00590577 0.0318657 0.999475 -0.00481841
0.992406 -0.122351 0.0126764 0.219638 0.122686 0.991983 -0.0302867 -1.05142 -0.00886919 0.0316119 0.999461 0.00967757
0.992406 -0.122351 0.0126764 0.219638 0.122686 0.991983 -0.0302867 -1.05142 -0.00886919 0.0316119 0.999461 0.00967757
0.974534 -0.223814 0.0138275 0.122198 0.224154 0.974019 -0.0322734 -0.601331 -0.00624501 0.034551 0.999383 -0.000418741
0.97448 -0.224111 0.0127579 0.120847 0.224417 0.973938 -0.0328987 -0.609469 -0.00505238 0.0349223 0.999377 0.0016425
0.97448 -0.224111 0.0127579 0.120847 0.224417 0.973938 -0.0328987 -0.609469 -0.00505238 0.0349223 0.999377 0.0016425
0.97448 -0.224111 0.0127579 0.120847 0.224417 0.973938 -0.0328987 -0.609469 -0.00505238 0.0349223 0.999377 0.0016425
0.93184 -0.362392 0.0186253 -0.180131 0.362841 0.931181 -0.0353166 0.0308286 -0.00454514 0.0396674 0.999203 0.0162527
0.919325 -0.392754 0.0242174 -1.08117 0.393425 0.918609 -0.037079 2.33848 -0.00768337 0.0436154 0.999019 0.0710907
0.975911 -0.21732 0.0192405 -1.90871 0.217867 0.975402 -0.0335265 5.99137 -0.0114812 0.0369107 0.999253 0.167782
0.975911 -0.21732 0.0192405 -1.90871 0.217867 0.975402 -0.0335265 5.99137 -0.0114812 0.0369107 0.999253 0.167782
0.987898 -0.154667 0.011659 -2.60849 0.154855 0.987782 -0.0175109 11.1262 -0.00880824 0.0191045 0.999779 0.251755
0.987898 -0.154667 0.011659 -2.60849 0.154855 0.987782 -0.0175109 11.1262 -0.00880824 0.0191045 0.999779 0.251755
0.995383 -0.0951383 0.0126765 -3.11921 0.0953073 0.995357 -0.0134687 17.7003 -0.0113362 0.0146147 0.999829 0.242142
0.997266 -0.0729487 0.0118154 -3.43199 0.0730745 0.99727 -0.0105934 25.2406 -0.0110104 0.0114278 0.999874 0.254263
0.997266 -0.0729487 0.0118154 -3.43199 0.0730745 0.99727 -0.0105934 25.2406 -0.0110104 0.0114278 0.999874 0.254263
0.996823 -0.0789565 0.010498 -3.64364 0.0790945 0.996776 -0.0134516 31.3672 -0.00940205 0.0142392 0.999854 0.268419
0.994935 -0.100482 -0.00271796 -3.9921 0.100465 0.994924 -0.00572409 37.8979 0.00327933 0.00542203 0.99998 0.170938
0.994935 -0.100482 -0.00271796 -3.9921 0.100465 0.994924 -0.00572409 37.8979 0.00327933 0.00542203 0.99998 0.170938
0.996546 -0.0827885 -0.0064957 -4.29983 0.082702 0.996494 -0.0126269 43.8914 0.00751829 0.0120461 0.999899 0.153161
0.996565 -0.0827601 -0.00284604 -4.58674 0.0827444 0.996557 -0.0052606 50.7196 0.00327161 0.00500704 0.999982 0.126474
0.996565 -0.0827601 -0.00284604 -4.58674 0.0827444 0.996557 -0.0052606 50.7196 0.00327161 0.00500704 0.999982 0.126474
0.996049 -0.0887171 0.00406387 -4.88189 0.0887427 0.996032 -0.0066356 57.4203 -0.00345905 0.00697002 0.99997 0.100591
0.996784 -0.0796812 -0.00853949 -5.20256 0.0796095 0.99679 -0.00843803 64.6519 0.00918443 0.00773106 0.999928 0.066471
0.996784 -0.0796812 -0.00853949 -5.20256 0.0796095 0.99679 -0.00843803 64.6519 0.00918443 0.00773106 0.999928 0.066471
0.998714 -0.0506868 -0.00122409 -5.36889 0.0506704 0.998656 -0.0109265 71.7904 0.00177628 0.0108504 0.99994 0.0301543
0.998349 -0.0534433 0.0210382 -5.33374 0.0533867 0.998569 0.00324072 79.7146 -0.0211813 -0.0021122 0.999773 -0.0514148
0.998349 -0.0534433 0.0210382 -5.33374 0.0533867 0.998569 0.00324072 79.7146 -0.0211813 -0.0021122 0.999773 -0.0514148
0.997419 -0.070177 0.0151731 -5.56681 0.0702877 0.997503 -0.00689127 87.0915 -0.0146516 0.00793997 0.999861 -0.0850837
0.997419 -0.070177 0.0151731 -5.56681 0.0702877 0.997503 -0.00689127 87.0915 -0.0146516 0.00793997 0.999861 -0.0850837
0.998873 -0.0435189 0.0189537 -5.63939 0.0433084 0.998997 0.0113781 95.7629 -0.0194298 -0.0105444 0.999756 -0.182717
0.998069 -0.0560152 0.0268629 -5.68699 0.0557554 0.998391 0.0103231 104.88 -0.0273979 -0.00880542 0.999586 -0.399278
0.998069 -0.0560152 0.0268629 -5.68699 0.0557554 0.998391 0.0103231 104.88 -0.0273979 -0.00880542 0.999586 -0.399278
0.998069 -0.0560152 0.0268629 -5.68699 0.0557554 0.998391 0.0103231 104.88 -0.0273979 -0.00880542 0.999586 -0.399278
0.998069 -0.0560152 0.0268629 -5.68699 0.0557554 0.998391 0.0103231 104.88 -0.0273979 -0.00880542 0.999586 -0.399278
0.99663 -0.0739975 0.0354077 -6.21225 0.0733266 0.99711 0.0198879 126.061 -0.036777 -0.0172246 0.999175 -0.889473
0.996912 -0.0726811 0.0297186 -6.49586 0.0723051 0.997291 0.013537 134.968 -0.030622 -0.0113464 0.999467 -1.10172
0.996912 -0.0726811 0.0297186 -6.49586 0.0723051 0.997291 0.013537 134.968 -0.030622 -0.0113464 0.999467 -1.10172
0.997271 -0.0686705 0.0270939 -6.73365 0.0682935 0.997558 0.0146048 142.349 -0.0280307 -0.0127146 0.999526 -1.31079
0.998992 -0.0360385 0.0267579 -6.84138 0.035545 0.999193 0.0186975 149.86 -0.0274101 -0.0177276 0.999467 -1.51496
0.998992 -0.0360385 0.0267579 -6.84138 0.035545 0.999193 0.0186975 149.86 -0.0274101 -0.0177276 0.999467 -1.51496
0.979452 0.201204 0.0138089 -6.34297 -0.20136 0.979456 0.0109489 155.24 -0.0113223 -0.0135045 0.999845 -1.69954
0.979452 0.201204 0.0138089 -6.34297 -0.20136 0.979456 0.0109489 155.24 -0.0113223 -0.0135045 0.999845 -1.69954
