%YAML:1.0
---
type: IMU
name: sbg
Gyr:
   unit: " rad/s"
   avg-axis:
      gyr_n: 6.8608271209665125e-04
      gyr_w: 3.0403298565928816e-05
   x-axis:
      gyr_n: 6.8543410574955772e-04
      gyr_w: 3.3173507069876853e-05
   y-axis:
      gyr_n: 7.0217098038248755e-04
      gyr_w: 2.9869320170847952e-05
   z-axis:
      gyr_n: 6.7064305015790860e-04
      gyr_w: 2.8167068457061637e-05
Acc:
   unit: " m/s^2"
   avg-axis:
      acc_n: 8.3342504153165915e-03
      acc_w: 1.1817240508137391e-04
   x-axis:
      acc_n: 8.6678195545710681e-03
      acc_w: 8.9985417476260863e-05
   y-axis:
      acc_n: 8.6781659246855537e-03
      acc_w: 8.9530075019391474e-05
   z-axis:
      acc_n: 7.6567657666931519e-03
      acc_w: 1.7500172274846938e-04
