cam0:
  T_cam_imu:
    [0.03267515607697724, 0.9991512463164074, 0.02508228776878192, -0.00312,
    -0.9994658138797425, 0.03264856517480064, 0.0014690397310962566, -0.07608,
    0.0006488921712609654, -0.02511689026128837, 0.9996843105513628, 0.01464,
    0.0, 0.0, 0.0, 1.0]
  cam_overlaps: [1]
  camera_model: pinhole
  distortion_coeffs: [-0.23475813101816717, 0.03871217543486257, 0.0007870466723134461,
    -7.056318719798556e-05]
  distortion_model: radtan
  intrinsics: [345.71497460224595, 344.13325676447016, 394.4370170771226, 239.41327025828713]
  resolution: [752, 480]
  rostopic: /mynteye/left/image_raw
  timeshift_cam_imu: 0.0
cam1:
  T_cam_imu:
    [0.03417499530010348, 0.9984433035680949, 0.044079918968472534, -0.00312,
    -0.99941169177552, 0.03426904387809593, -0.0013794832634035116, 0.04392,
    -0.002887912504002995, -0.044006842555565584, 0.9990270555744017, 0.01464,
    0.0, 0.0, 0.0, 1.0]
  T_cn_cnm1:
    [0.9998181696540788, -0.0014942430697600108, 0.019010388402222318, -0.11993103422601879,
    0.0015494242907653972, 0.9999946285181535, -0.0028882900121978863, -0.00037491460980758324,
    -0.01900597048093206, 0.0029172199909931547, 0.9998151143654457, 0.004449189632098309,
    0.0, 0.0, 0.0, 1.0]
  cam_overlaps: [0]
  camera_model: pinhole
  distortion_coeffs: [-0.23327174138345957, 0.03758843824036174, 0.0009243707717419223,
    0.00013772291201028]
  distortion_model: radtan
  intrinsics: [345.0700579417336, 344.1938883789729, 375.7274792588098, 262.7934740330033]
  resolution: [752, 480]
  rostopic: /mynteye/right/image_raw
  timeshift_cam_imu: 0.0
T_imu_body:
  [1.0000, 0.0000, 0.0000, 0.0000,
  0.0000, 1.0000, 0.0000, 0.0000,
  0.0000, 0.0000, 1.0000, 0.0000,
  0.0000, 0.0000, 0.0000, 1.0000]