cam0:
  T_cam_imu:
  - - 0.006652681544119077
    - 0.9998243242977549
    - 0.01752319522260032
    - 0.04759262503979067
  - - -0.9999701558142764
    - 0.00672044314490855
    - -0.0038109217660245148
    - 0.005929392457613026
  - - -0.003928015916877687
    - -0.01749731940820872
    - 0.9998391943230085
    - -0.01522517507568748
  - - 0.0
    - 0.0
    - 0.0
    - 1.0
  cam_overlaps:
  - 1
  camera_model: pinhole
  distortion_coeffs:
  - -0.02245085352139246
  - -0.015297115308645427
  - 0.012319254217130206
  - -0.003382035987227395
  distortion_model: equidistant
  intrinsics:
  - 371.36490429111717
  - 371.37901671196516
  - 368.83770482355214
  - 244.368901427394
  resolution:
  - 752
  - 480
  rostopic: /mynteye/left/image_raw
  timeshift_cam_imu: 0.0064518663848069065
cam1:
  T_cam_imu:
  - - 0.008054242128250289
    - 0.9999647591386449
    - -0.0023684730380047533
    - -0.07452570828355767
  - - -0.9999317697192527
    - 0.008033890760903495
    - -0.008480124136219775
    - 0.005144478561227065
  - - -0.00846079723568334
    - 0.0024366124094951608
    - 0.9999612381638114
    - -0.01586874687523624
  - - 0.0
    - 0.0
    - 0.0
    - 1.0
  T_cn_cnm1:
  - - 0.9998011687198968
    - -0.0013247693797962157
    - -0.019896432152973965
    - -0.12240394200613017
  - - 0.0012316529009619268
    - 0.9999882359655464
    - -0.004691584129602368
    - -0.0009148919272589684
  - - 0.019902413357658258
    - 0.004666145797544167
    - 0.9997910386805514
    - -0.0016216287782374367
  - - 0.0
    - 0.0
    - 0.0
    - 1.0
  cam_overlaps:
  - 0
  camera_model: pinhole
  distortion_coeffs:
  - -0.025332600957728362
  - -0.003660399790097109
  - -0.004524070170996933
  - 0.006435007995530617
  distortion_model: equidistant
  intrinsics:
  - 368.38413289045036
  - 368.7834365680061
  - 372.0900722681795
  - 243.95145981601095
  resolution:
  - 752
  - 480
  rostopic: /mynteye/right/image_raw
  timeshift_cam_imu: 0.00640982921321811
T_imu_body:
  [0.0000, 0.0000, 1.0000, -0.4000,
  0.0000, -1.0000, 0.0000, 0.0000,
  1.0000, 0.0000, 0.0000, -0.1000,
  0.0000, 0.0000, 0.0000, 1.0000]

