cam0:
  T_cam_imu:
  - - 0.004101585520140338
    - 0.999572191081485
    - -0.028958795085080126
    - 0.04543126214896536
  - - -0.9994760618568368
    - 0.0050275109949942665
    - 0.03197383161811155
    - -0.020026197005149633
  - - 0.03210574358847826
    - 0.02881247906296676
    - 0.9990690978500318
    - 0.09402381449181417
  - - 0.0
    - 0.0
    - 0.0
    - 1.0
  cam_overlaps:
  - 1
  camera_model: pinhole
  distortion_coeffs:
  - -0.31621429620540964
  - 0.090406847328741
  - 0.00420216594993262
  - -0.003742628572943761
  distortion_model: radtan
  intrinsics:
  - 414.05848338355275
  - 421.2973458952316
  - 389.0723907711017
  - 239.73148324760484
  resolution:
  - 752
  - 480
  rostopic: /mynteye/left/image_raw
  timeshift_cam_imu: 0.006300014261777418
cam1:
  T_cam_imu:
  - - 0.006774695479094206
    - 0.9999300475211474
    - -0.009695543590826111
    - -0.07215091174184678
  - - -0.999677117514314
    - 0.007009800698138446
    - 0.02442382878348425
    - -0.020276396913657034
  - - 0.02449008410434958
    - 0.009526949067169783
    - 0.9996546768869906
    - 0.08480939061010181
  - - 0.0
    - 0.0
    - 0.0
    - 1.0
  T_cn_cnm1:
  - - 0.9998108267818916
    - -0.002053990327805717
    - 0.01934145220612392
    - -0.11943327024193093
  - - 0.0021992559999362334
    - 0.9999695137806753
    - -0.0074923148815736725
    - 0.0003537306171320337
  - - -0.0193254734160703
    - 0.0075334343410682495
    - 0.9997848635802963
    - -0.008165349245737856
  - - 0.0
    - 0.0
    - 0.0
    - 1.0
  cam_overlaps:
  - 0
  camera_model: pinhole
  distortion_coeffs:
  - -0.3146027479248158
  - 0.0878799822690714
  - 0.003942333917731904
  - 0.0009016284856251742
  distortion_model: radtan
  intrinsics:
  - 408.7581233550313
  - 415.3140060783345
  - 375.90379254824694
  - 240.13655679162792
  resolution:
  - 752
  - 480
  rostopic: /mynteye/right/image_raw
  timeshift_cam_imu: 0.006648922040959352
