# The modifications of the output file from Kalibr:
# 1. For each matrix (e.g. cam0/T_cam_imu), remove the brackets and minus sign for each line. Use one pair of brackets for each matrix.
# 2. Add the T_imu_body at the end of the calibration file (usually set to identity).
cam0:
  T_cam_imu:
    [-0.00702012,   0.999975,  -0.00107584,   0.0432605,
    -0.999964,  -0.00702512,  -0.00471472,   0.00379997,
    -0.00472216,   0.0010427,   0.999988,   -0.0268417,
    -0,  -0,  -0,   1]
  camera_model: pinhole
  distortion_coeffs: [-3.0528777663428153e-01, 8.1448686969566128e-02, 4.2202500511119567e-04, 4.3984930436069997e-04]
  distortion_model: radtan
  intrinsics: [3.5930674755329585e+02, 3.6049533700817784e+02, 3.5930674755329585e+02, 3.6049533700817784e+02]
  resolution: [752, 480]
  timeshift_cam_imu: 0.0
cam1:
  T_cam_imu:
    [ 0.00190458,    0.999997,  0.00168307,  -0.0766593,
    -0.999995,  0.00190877,   -0.002489,  0.00329852,
    -0.0024922, -0.00167832,    0.999995,  -0.0268557,
     0, -0,  -0,           1]
  T_cn_cnm1:
    [0.999956,  -0.00893755,   0.00271675,    -0.119811,
    0.00893148,     0.999958,   0.00223516, -0.000827675,
    -0.00273662,  -0.00221079,     0.999994,  0.000112651,
           0,           -0,           -0,            1]
  camera_model: pinhole
  distortion_coeffs: [-3.0291415447136244e-01, 8.1192486081665002e-02, -3.0849058731388272e-04, 2.3295083728201271e-04]
  distortion_model: radtan
  intrinsics: [3.5693477648078687e+02, 3.5803785465032320e+02, 3.7966613895215522e+02, 2.5597274516015744e+02]
  resolution: [752, 480]
  timeshift_cam_imu: 0.0
T_imu_body:
  [1.0000, 0.0000, 0.0000, 0.0000,
  0.0000, 1.0000, 0.0000, 0.0000,
  0.0000, 0.0000, 1.0000, 0.0000,
  0.0000, 0.0000, 0.0000, 1.0000]

