1 0 0 0 0 1 0 0 0 0 1 0
1 6.6561e-05 5.23898e-05 -0.00697813 -6.65622e-05 1 2.3013e-05 0.00359996 -5.23883e-05 -2.30165e-05 1 -0.0035187
0.998398 -0.0563853 0.00471864 0.0117887 0.0564975 0.997994 -0.0285641 6.66549e-05 -0.00309858 0.0287849 0.999581 -0.0940736
0.998486 -0.0548528 0.00412351 0.0079808 0.0549563 0.997984 -0.0317341 -0.00192041 -0.00237449 0.0319127 0.999488 -0.107323
0.9985 -0.0545751 0.00437946 0.0142354 0.0546857 0.998014 -0.0312716 -0.011235 -0.00266411 0.0314642 0.999501 -0.146059
0.998532 -0.0539516 0.00471191 0.0192768 0.0540733 0.998044 -0.031381 -0.0192279 -0.00300963 0.0315897 0.999496 -0.205199
0.99847 -0.0550767 0.00500936 0.0199657 0.0552085 0.997969 -0.0317766 -0.0265677 -0.00324904 0.0320045 0.999482 -0.248046
0.998481 -0.0548432 0.00528951 0.0195021 0.0549847 0.997975 -0.031971 -0.0279987 -0.00352541 0.0322133 0.999475 -0.236186
0.998401 -0.0562812 0.00528367 0.0232853 0.0564232 0.997883 -0.0323321 -0.0449104 -0.0034528 0.0325785 0.999463 -0.341301
0.99849 -0.0547033 0.00502241 0.035664 0.0548355 0.997992 -0.0317079 -0.0369309 -0.0032778 0.0319354 0.999485 -0.368515
0.998541 -0.0538156 0.00451259 0.0299381 0.0539315 0.998045 -0.0315693 -0.0443146 -0.00280485 0.0317666 0.999491 -0.374605
0.998488 -0.0547405 0.00504711 0.0444921 0.0548755 0.99797 -0.0323238 -0.0506824 -0.00326744 0.0325519 0.999465 -0.474801
0.998502 -0.0544786 0.00517562 0.0477539 0.0546163 0.997999 -0.0318633 -0.0510015 -0.0034294 0.0320982 0.999479 -0.462825
0.998486 -0.0547686 0.00510328 0.0439151 0.0549038 0.997984 -0.0318512 -0.0570771 -0.00334854 0.0320832 0.99948 -0.511151
0.998484 -0.0548446 0.00465998 0.0516748 0.0549664 0.997972 -0.0321157 -0.0577916 -0.00288915 0.0323231 0.999473 -0.520871
0.998481 -0.0548744 0.00495338 0.0490536 0.0550067 0.997959 -0.0324504 -0.0571198 -0.00316257 0.0326736 0.999461 -0.517227
0.998478 -0.0548799 0.00545165 0.0685668 0.0550285 0.997957 -0.0324664 -0.0668416 -0.00365876 0.032717 0.999458 -0.611845
0.998508 -0.0544302 0.00434098 0.063299 0.0545394 0.998024 -0.0311956 -0.0652597 -0.00263442 0.0313858 0.999504 -0.65278
0.997131 -0.0754943 0.00549589 0.0789082 0.0756316 0.996628 -0.0318125 0.111249 -0.0030757 0.0321369 0.999479 -0.653255
0.981017 -0.19375 0.00812579 0.108625 0.193914 0.980458 -0.0331656 0.475265 -0.00154118 0.0341117 0.999417 -0.664452
0.974677 -0.223424 0.00930915 0.0835809 0.223609 0.974157 -0.0318865 0.907173 -0.00194438 0.0331606 0.999448 -0.662882
0.97472 -0.223283 0.00804623 0.0893731 0.223427 0.974189 -0.0321818 0.882184 -0.00065289 0.033166 0.99945 -0.753817
0.974157 -0.225727 0.0081169 0.110114 0.225872 0.973617 -0.0324435 0.869554 -0.000579369 0.0334385 0.999441 -0.86019
0.965182 -0.261297 0.0121256 0.103157 0.261559 0.964637 -0.0325793 0.944248 -0.00318394 0.0346166 0.999396 -0.851536
0.913337 -0.406843 0.0171375 0.0869833 0.407203 0.912642 -0.0356579 1.24955 -0.00113324 0.0395461 0.999217 -0.868988
0.899751 -0.435864 0.0216867 -0.214216 0.436378 0.899115 -0.0341511 2.39909 -0.00461363 0.0401911 0.999181 -0.818668
0.960681 -0.276212 0.0282585 -0.853648 0.27716 0.96006 -0.0382911 4.40499 -0.0165534 0.0446177 0.998867 -0.828148
0.980982 -0.193367 0.016843 -1.2666 0.193776 0.980661 -0.0274902 7.10887 -0.0112015 0.0302312 0.99948 -0.787275
0.98426 -0.175906 0.0170116 -1.27641 0.176257 0.984098 -0.0220122 10.8421 -0.012869 0.0246641 0.999613 -0.559765
0.990321 -0.137896 0.0158071 -1.38827 0.138219 0.990165 -0.0216397 15.0213 -0.0126676 0.0236151 0.999641 -0.541499
0.995054 -0.0974946 0.0190594 -1.28481 0.0978183 0.995062 -0.0168582 19.7328 -0.0173217 0.0186391 0.999676 -0.514123
0.996671 -0.0811585 0.00781802 -1.10085 0.081252 0.996615 -0.012496 24.6423 -0.0067774 0.0130896 0.999891 -0.508169
0.997341 -0.070797 0.017294 -0.810532 0.0709842 0.997423 -0.0104583 29.3055 -0.016509 0.0116581 0.999796 -0.48784
0.996955 -0.0776223 0.00745785 -0.561301 0.0777075 0.996905 -0.0119018 33.6396 -0.00651092 0.0124451 0.999901 -0.462395
0.995601 -0.0936756 -0.00196797 -0.399824 0.09366 0.99558 -0.00691662 37.8122 0.00260719 0.00670188 0.999974 -0.453694
0.995062 -0.0992349 -0.0021025 -0.256081 0.0992227 0.995051 -0.00527155 41.8745 0.00261522 0.0050369 0.999984 -0.448015
0.996417 -0.0845698 -0.000714387 -0.0954015 0.0845578 0.996364 -0.0104058 45.8345 0.00159181 0.0103081 0.999946 -0.416718
0.996709 -0.0808969 -0.00516359 0.0695722 0.0808486 0.996686 -0.00895615 50.0937 0.005871 0.0085092 0.999947 -0.425132
0.996446 -0.0837006 -0.00943839 0.296132 0.0836603 0.996484 -0.00458311 54.8346 0.00978881 0.0037772 0.999945 -0.409243
0.99596 -0.0897923 -0.000755324 0.523548 0.0897837 0.995931 -0.00780165 59.6402 0.00145278 0.00770232 0.999969 -0.380306
0.996596 -0.0824241 -0.00147324 0.758321 0.0824111 0.996571 -0.00741741 64.2696 0.00207956 0.00727075 0.999971 -0.352161
0.997043 -0.0759006 -0.0119936 0.968907 0.0758121 0.997093 -0.00767298 68.6088 0.0125411 0.00674104 0.999899 -0.310614
0.998377 -0.0566931 -0.00547001 1.28952 0.0566431 0.998355 -0.00890141 73.0701 0.00596566 0.00857712 0.999945 -0.257595
0.999214 -0.0396086 0.0014849 1.72229 0.0396193 0.999183 -0.00800482 77.8873 -0.00116663 0.00805736 0.999967 -0.193631
0.998112 -0.0593858 0.015654 2.16644 0.0593911 0.998235 0.000124172 82.9499 -0.0156337 0.00080577 0.999877 -0.172268
0.997136 -0.0746043 0.0123821 2.48376 0.0746623 0.9972 -0.00428122 88.1761 -0.012028 0.00519343 0.999914 -0.125231
0.998675 -0.0497458 0.0131402 2.92776 0.0497921 0.998754 -0.00322531 93.5504 -0.0129634 0.00387531 0.999908 -0.0859435
0.998891 -0.0422563 0.0207751 3.40198 0.0421506 0.999096 0.00549671 99.0084 -0.0209886 -0.00461493 0.999769 -0.164093
0.998317 -0.0520975 0.0254766 3.90025 0.051848 0.998601 0.0103564 104.692 -0.0259805 -0.00901808 0.999622 -0.163398
0.99765 -0.0619675 0.0292317 4.36319 0.0617138 0.998049 0.00950312 110.543 -0.0297636 -0.00767679 0.999528 -0.182876
0.997091 -0.0697763 0.0306564 4.77544 0.0696104 0.997553 0.00644799 116.435 -0.0310313 -0.00429523 0.999509 -0.179568
0.99678 -0.0728711 0.0334646 5.1448 0.0724377 0.997275 0.0139889 122.328 -0.0343928 -0.0115198 0.999342 -0.183938
0.996692 -0.0731503 0.0354227 5.50322 0.0725193 0.99719 0.018782 128.145 -0.036697 -0.016151 0.999196 -0.184759
0.996978 -0.071224 0.0310091 5.85877 0.0708332 0.997396 0.0135275 133.773 -0.0318919 -0.0112902 0.999428 -0.181329
0.996815 -0.0752207 0.026488 6.1796 0.0748262 0.997075 0.0155868 139.202 -0.0275829 -0.0135551 0.999528 -0.163512
0.997354 -0.0691966 0.0222726 6.50831 0.0688695 0.997511 0.0151328 144.406 -0.0232643 -0.0135589 0.999637 -0.164309
0.997904 -0.0601559 0.023862 6.86058 0.0595666 0.997919 0.0246821 149.297 -0.0252971 -0.023209 0.999411 -0.142517
0.999665 -0.00574794 0.0252339 7.29164 0.00519781 0.999749 0.021813 153.329 -0.025353 -0.0216745 0.999444 -0.277442
0.988784 0.148212 0.0184128 8.01614 -0.148527 0.98876 0.0171214 156.565 -0.0156682 -0.0196642 0.999684 -0.272735
0.888933 0.458035 0.00151978 9.33176 -0.458031 0.888898 0.00827325 158.976 0.00243851 -0.00805047 0.999965 -0.235073
0.675181 0.737032 -0.0302392 11.0881 -0.73741 0.675443 -0.00205376 160.452 0.0189111 0.0236853 0.999541 -0.174587
0.382445 0.922569 -0.0510207 13.6586 -0.923553 0.383362 0.00918945 161.452 0.0280373 0.0436059 0.998655 -0.0170269
0.184859 0.980863 -0.0611076 17.0743 -0.982479 0.185949 0.0126002 161.859 0.023722 0.0577076 0.998052 0.199808
0.100298 0.993447 -0.0548028 20.9068 -0.994944 0.0998616 -0.0106608 161.812 -0.00511821 0.055595 0.99844 0.454404
0.0781237 0.995867 -0.0463318 25.0323 -0.996934 0.0782394 0.000686478 161.663 0.00430861 0.0461362 0.998926 0.692428
0.0710526 0.996188 -0.0506079 29.4928 -0.997467 0.0711322 -0.000227217 161.427 0.0033735 0.0504959 0.998719 0.92543
0.103188 0.993229 -0.0533684 34.1786 -0.994662 0.103007 -0.00614082 161.208 -0.000601932 0.0537171 0.998556 1.18231
0.111707 0.992563 -0.0483734 39.094 -0.99374 0.111506 -0.00684845 161.008 -0.00140361 0.0488356 0.998806 1.43561
0.106753 0.993018 -0.0501885 44.3087 -0.994129 0.107495 0.0123246 160.874 0.0176336 0.0485781 0.998664 1.73855
0.0873773 0.995098 -0.0463225 49.7612 -0.995968 0.0882133 0.0163183 160.667 0.0203246 0.0447098 0.998793 2.04698
0.0750901 0.996219 -0.0436893 55.3945 -0.997007 0.0758143 0.0151608 160.403 0.0184158 0.0424201 0.99893 2.33214
0.077852 0.996135 -0.0406733 60.8906 -0.996904 0.0782329 0.00785594 160.07 0.0110076 0.0399358 0.999142 2.57514
0.0756214 0.996333 -0.0400339 66.0488 -0.997125 0.0753684 -0.00779395 159.703 -0.00474808 0.0405082 0.999168 2.81022
0.0753151 0.99693 -0.0214139 71.2476 -0.99709 0.0750388 -0.0134239 159.425 -0.0117758 0.0223627 0.999681 3.01931
0.0773785 0.995881 -0.047267 76.4741 -0.996961 0.0768601 -0.0126904 159.197 -0.00900521 0.0481054 0.998802 3.23873
0.0745116 0.996308 -0.0426477 81.5327 -0.997209 0.0746405 0.00143563 158.943 0.00461358 0.0424217 0.999089 3.48019
0.0761517 0.996545 -0.0331641 86.5235 -0.996992 0.0765836 0.0119532 158.652 0.0144517 0.032154 0.999378 3.67316
0.0667899 0.997421 -0.0262651 91.3323 -0.99767 0.0671281 0.0122141 158.385 0.0139457 0.0253881 0.99958 3.81114
0.0600451 0.997852 -0.026191 96.2413 -0.998195 0.0599864 -0.00302036 158.049 -0.00144277 0.0263251 0.999652 4.01333
0.0655193 0.997167 -0.0369426 101.12 -0.997845 0.0656024 0.00104036 157.748 0.00346094 0.0367948 0.999317 4.18492
0.0782934 0.995978 -0.0435567 105.852 -0.996894 0.0778444 -0.0119138 157.435 -0.00847528 0.0443543 0.99898 4.4446
0.0936216 0.994897 -0.037611 110.337 -0.99555 0.0931415 -0.014323 157.179 -0.0107468 0.0387846 0.99919 4.67173
0.0937758 0.994937 -0.0361399 114.581 -0.995575 0.0934904 -0.0095112 156.998 -0.00608431 0.0368719 0.999301 4.90534
0.0982382 0.994603 -0.0333714 118.623 -0.995149 0.0980047 -0.00856579 156.886 -0.00524902 0.034051 0.999406 5.09305
0.108487 0.993232 -0.0414874 122.38 -0.994097 0.108356 -0.00540563 156.768 -0.000873635 0.041829 0.999124 5.27374
0.108753 0.99372 -0.0263178 125.745 -0.994068 0.108671 -0.0045268 156.658 -0.00163839 0.026654 0.999643 5.44955
0.00751853 0.999562 -0.028628 128.684 -0.999962 0.0073871 -0.0046941 156.409 -0.00448056 0.0286622 0.999579 5.57185
-0.195242 0.980519 -0.0215114 131.153 -0.980746 -0.195289 -7.67624e-05 155.791 -0.00427621 0.0210823 0.999769 5.4774
-0.463751 0.885734 -0.0202643 133.135 -0.885956 -0.463732 0.00589609 154.689 -0.00417485 0.0206876 0.999777 5.51394
-0.690158 0.72284 -0.0344268 134.524 -0.723655 -0.68953 0.0295283 153.201 -0.00239402 0.0452923 0.998971 5.6012
-0.841188 0.540219 -0.0238078 135.524 -0.540736 -0.840585 0.0319663 151.557 -0.00274365 0.0397634 0.999205 5.69153
-0.940087 0.34091 -0.0041397 136.105 -0.340888 -0.939685 0.0280544 149.673 0.00567401 0.0277847 0.999598 5.75129
-0.981812 0.189788 0.00510908 136.301 -0.189473 -0.981182 0.0371689 147.528 0.0120672 0.0355248 0.999296 5.79471
-0.992631 0.120961 0.00721456 136.34 -0.120688 -0.992218 0.0306374 145.116 0.0108643 0.0295409 0.999505 5.84933
-0.993357 0.11446 0.0118351 136.336 -0.113971 -0.992833 0.0359694 142.4 0.0158674 0.0343817 0.999283 5.88342
-0.994008 0.107668 0.0188423 136.281 -0.107009 -0.993709 0.0330255 138.921 0.0222796 0.0308114 0.999277 5.9491
-0.99617 0.0859028 0.0163233 136.123 -0.0853963 -0.995909 0.0295356 134.98 0.0187937 0.0280285 0.99943 6.01323
-0.996665 0.0797813 0.0171219 135.907 -0.0793349 -0.996526 0.0253385 130.988 0.019084 0.0238956 0.999532 6.07067
-0.997064 0.0746585 0.017004 135.648 -0.0741006 -0.996758 0.0313638 126.715 0.0192905 0.0300117 0.999363 6.15656
-0.997809 0.0610785 0.0254198 135.346 -0.060256 -0.997671 0.0319549 122.265 0.0273124 0.0303532 0.999166 6.214
-0.998757 0.0460903 0.0189471 134.91 -0.0455508 -0.99857 0.0279811 117.517 0.0202096 0.0270833 0.999429 6.31704
-0.998602 0.0494702 0.0185922 134.489 -0.0490078 -0.998496 0.0245549 112.87 0.019779 0.0236095 0.999526 6.40218
-0.998366 0.054552 0.0170355 134.19 -0.0541212 -0.998226 0.0247994 108.533 0.0183582 0.0238369 0.999547 6.2997
-0.996584 0.080639 0.0178102 133.885 -0.0801715 -0.996453 0.0255668 104.559 0.0198087 0.0240516 0.999514 6.33992
-0.994008 0.107213 0.0212846 133.748 -0.106609 -0.993914 0.0277253 100.93 0.0241276 0.02529 0.999389 6.34625
-0.993429 0.1109 0.0282726 133.658 -0.110022 -0.993448 0.0309371 97.0022 0.0315182 0.0276232 0.999121 6.37421
-0.993202 0.111877 0.0321366 133.678 -0.111061 -0.993469 0.0261428 92.4262 0.0348515 0.022396 0.999142 6.279
-0.994166 0.103392 0.0307041 133.659 -0.102622 -0.994389 0.0256641 87.6199 0.0331853 0.0223635 0.999199 6.22708
-0.9957 0.0848512 0.037165 133.491 -0.0840417 -0.996201 0.0228281 83.0058 0.0389608 0.0196065 0.999048 6.28972
-0.997484 0.063805 0.0308835 133.212 -0.0631103 -0.997742 0.0229705 78.4625 0.0322794 0.0209637 0.999259 6.34739
-0.998523 0.0474442 0.0264674 132.767 -0.0470391 -0.998769 0.0157213 73.908 0.0271807 0.014453 0.999526 6.30932
-0.999177 0.0317178 0.0252791 132.347 -0.031415 -0.999431 0.0122878 69.1868 0.0256545 0.0114835 0.999605 6.21271
-0.996759 0.0788811 0.0157815 132.122 -0.0787177 -0.996839 0.0107193 64.3238 0.0165771 0.00944224 0.999818 6.05552
-0.993337 0.113965 0.0171314 131.913 -0.113595 -0.993301 0.0211657 59.3481 0.0194288 0.0190786 0.999629 5.99117
-0.993585 0.111449 0.0191966 131.776 -0.111177 -0.993691 0.0147317 54.2348 0.0207174 0.012503 0.999707 5.90224
-0.993877 0.106908 0.0279309 131.627 -0.106563 -0.994214 0.0135429 48.9212 0.0292171 0.0104835 0.999518 5.93438
-0.995192 0.0951421 0.0232386 131.436 -0.0948788 -0.995414 0.0121865 43.4964 0.0242915 0.0099231 0.999656 5.9185
-0.995932 0.0870957 0.0231154 131.185 -0.0869933 -0.996194 0.0054021 37.9481 0.0234979 0.00336924 0.999718 5.92968
-0.996107 0.0848101 0.0240398 130.935 -0.0844398 -0.9963 0.0160245 32.2723 0.0253099 0.0139322 0.999583 5.905
-0.996393 0.0801808 0.0277707 130.674 -0.0799483 -0.996755 0.00938848 26.4771 0.0284334 0.0071344 0.99957 5.93438
-0.997537 0.0622501 0.0323325 130.266 -0.06183 -0.997991 0.0138366 20.333 0.0331288 0.0118034 0.999381 5.92234
-0.999793 0.0203454 0.000522787 129.578 -0.0203395 -0.999748 0.00947067 13.8789 0.00071534 0.00945808 0.999955 5.91627
-0.999721 -0.0103039 -0.0212591 128.816 0.0101269 -0.999913 0.00841919 7.32033 -0.021344 0.00820156 0.999739 5.66163
-0.999826 -0.000731241 -0.0186572 127.947 0.000584731 -0.999969 0.00785698 0.944356 -0.0186623 0.00784471 0.999795 5.58099
-0.998927 0.0430993 -0.0169476 127.294 -0.0432986 -0.998995 0.0115703 -5.23913 -0.0164319 0.0122917 0.999789 5.57958
-0.998274 0.055072 -0.020409 126.842 -0.0552001 -0.998459 0.0057683 -10.9081 -0.0200599 0.00688493 0.999775 5.52482
-0.999486 0.0303654 -0.010293 126.53 -0.0305441 -0.999377 0.0176669 -14.6005 -0.00975008 0.0179722 0.999791 5.52127
-0.99872 -0.0494479 0.0106289 126.226 0.0496436 -0.998586 0.0190129 -16.7503 0.00967368 0.0195162 0.999763 5.49427
-0.952848 -0.303167 0.0130521 125.573 0.30339 -0.952625 0.0214303 -18.3265 0.00593677 0.0243797 0.999685 5.4943
-0.699585 -0.714389 0.0151352 124.212 0.714508 -0.699157 0.0256732 -19.5481 -0.00775883 0.0287748 0.999556 5.26469
-0.329096 -0.944055 0.0213422 121.87 0.943728 -0.328029 0.0421293 -20.263 -0.0327715 0.0340058 0.998884 4.98189
-0.0997483 -0.994961 0.0101129 118.783 0.994823 -0.0995253 0.0205678 -20.4852 -0.0194577 0.0121122 0.999737 4.72225
-0.0734196 -0.997301 -0.000298596 114.13 0.997206 -0.0734167 0.0137561 -20.4264 -0.0137409 0.00071221 0.999905 4.71684
-0.0723065 -0.997382 0.000683266 108.666 0.997359 -0.0723001 0.00698051 -20.1562 -0.00691283 0.0011862 0.999975 4.66907
-0.0847074 -0.996392 -0.00520952 102.34 0.996205 -0.0847942 0.0196522 -19.8432 -0.020023 -0.00352506 0.999793 4.52128
-0.0845839 -0.996415 0.00164304 95.4204 0.996157 -0.0845242 0.022945 -19.5261 -0.0227238 0.0035775 0.999735 4.31491
-0.0844896 -0.996408 -0.00576874 87.9748 0.996256 -0.0845803 0.0178992 -19.1964 -0.0183229 -0.00423484 0.999823 4.16382
-0.0836041 -0.996407 -0.0135573 80.1894 0.9963 -0.0838513 0.0188292 -18.7692 -0.0198984 -0.0119329 0.999731 3.89859
-0.0820999 -0.996563 -0.0110288 72.1531 0.99631 -0.082347 0.024216 -18.385 -0.0250409 -0.00899997 0.999646 3.58696
-0.084116 -0.996392 -0.0112481 63.7044 0.996201 -0.0843445 0.0216815 -17.9931 -0.022552 -0.00938165 0.999702 3.20019
-0.085077 -0.996223 -0.0173758 54.8983 0.996069 -0.08547 0.0232811 -17.6234 -0.0246783 -0.0153268 0.999578 2.8586
-0.087132 -0.996032 -0.0181297 45.8659 0.99604 -0.0874264 0.016139 -17.2467 -0.01766 -0.0166517 0.999705 2.43637
-0.0789715 -0.996805 -0.011981 36.8732 0.996776 -0.0791287 0.0132716 -16.851 -0.0141772 -0.0108943 0.99984 2.00328
-0.0691272 -0.997503 -0.0144562 28.2789 0.997299 -0.0694591 0.0238749 -16.3589 -0.0248194 -0.0127668 0.99961 1.7155
-0.0532821 -0.998445 -0.0163813 20.2976 0.99833 -0.0536286 0.0214902 -15.8554 -0.0223353 -0.0152089 0.999635 1.40319
-0.0633844 -0.997835 -0.0175624 13.2093 0.9978 -0.0637057 0.0183773 -15.437 -0.0194564 -0.0163589 0.999677 1.1115
-0.0555871 -0.998147 -0.0247462 7.45342 0.998287 -0.0560135 0.0168826 -14.9788 -0.0182375 -0.0237654 0.999551 0.685813
0.12028 -0.992512 -0.0212787 3.50999 0.992656 0.119963 0.0155688 -14.2181 -0.0128996 -0.0229951 0.999652 0.356577
0.448341 -0.893704 -0.0168157 0.669207 0.89386 0.448218 0.0106894 -12.9088 -0.00201604 -0.0198234 0.999801 0.266615
0.782691 -0.621487 -0.0338818 -1.40758 0.621771 0.783194 -0.00266251 -10.7225 0.0281907 -0.0189828 0.999422 0.21943
0.974025 -0.224882 -0.0265366 -2.09218 0.224566 0.974353 -0.0143645 -8.19861 0.0290864 0.00803211 0.999545 0.239926
0.997289 0.0721002 -0.0146827 -1.82163 -0.0725651 0.996782 -0.03407 -5.77726 0.012179 0.0350431 0.999312 0.328615
0.995916 0.0902586 -0.00199142 -1.15018 -0.0902755 0.995384 -0.0325799 -2.57487 -0.000958393 0.0326267 0.999467 0.315333
0.997953 -0.0626894 0.0126256 -0.571339 0.0630734 0.997472 -0.0327397 1.38964 -0.0105412 0.033469 0.999384 0.228695
0.979947 -0.196375 0.0337805 -0.767669 0.197569 0.979605 -0.0366171 5.91243 -0.0259008 0.0425568 0.998758 0.520707
0.976403 -0.213798 0.0304722 -1.21075 0.214398 0.976581 -0.0179615 10.9663 -0.0259184 0.0240708 0.999374 0.914023
0.987713 -0.153613 0.0287322 -1.47923 0.154033 0.98798 -0.0130001 16.1925 -0.0263898 0.0172661 0.999503 1.11713
0.997054 -0.0730266 0.0234583 -1.2141 0.073326 0.997234 -0.0121672 21.6293 -0.0225049 0.0138515 0.999651 1.06636
0.998521 -0.0462392 0.0285806 -0.757487 0.0465494 0.998863 -0.0102863 27.1759 -0.0280725 0.0116015 0.999539 1.09505
0.998356 -0.0506751 0.0267804 -0.20716 0.0510225 0.99862 -0.0124538 32.8683 -0.0261123 0.0137997 0.999564 1.06649
0.997232 -0.0720678 0.0182708 0.247441 0.0722918 0.997312 -0.0119097 38.737 -0.0173633 0.0131975 0.999762 1.08186
0.995944 -0.0878219 0.019561 0.632565 0.0880428 0.996059 -0.0107343 44.7841 -0.0185412 0.0124129 0.999751 1.01464
0.99441 -0.104052 0.0179367 0.914737 0.104212 0.994521 -0.0082253 50.7851 -0.0169825 0.0100485 0.999805 0.863676
0.993739 -0.109868 0.0203017 1.1007 0.10997 0.993927 -0.00398342 56.5357 -0.0197408 0.00619106 0.999786 0.934286
0.993953 -0.108361 0.0177468 1.24455 0.108454 0.994092 -0.00441731 62.0113 -0.0171633 0.00631532 0.999833 0.962559
0.995132 -0.098533 -0.00204868 1.39368 0.0985177 0.995114 -0.00657194 67.1205 0.00268622 0.00633812 0.999976 1.1413
0.99919 -0.0394422 0.00797776 1.75893 0.0394912 0.999201 -0.00607728 71.9464 -0.00773168 0.0063874 0.99995 1.18716
0.999649 -0.0165539 0.0206873 2.31164 0.016735 0.999823 -0.00861201 76.9118 -0.0205411 0.00895519 0.999749 0.981534
0.999173 -0.0211865 0.0346951 2.92283 0.02116 0.999775 0.0011309 82.1369 -0.0347113 -0.000395818 0.999397 1.06701
0.998856 -0.0327505 0.0348358 3.53579 0.032897 0.999452 -0.00363803 87.6194 -0.0346976 0.00477986 0.999386 1.12553
0.997684 -0.0573456 0.0365805 4.02209 0.0575194 0.998337 -0.00371786 93.3514 -0.0363065 0.00581334 0.999324 1.20375
0.996337 -0.0790012 0.032741 4.42604 0.0789105 0.996873 0.00405665 99.3146 -0.0329591 -0.00145818 0.999456 1.13931
0.994813 -0.0931404 0.0408814 4.75903 0.0927624 0.995627 0.0110507 105.548 -0.0417319 -0.00720111 0.999103 0.999739
0.99517 -0.0927424 0.0321907 5.03912 0.0924591 0.995664 0.0101846 112.075 -0.0329956 -0.00715911 0.99943 1.02518
0.995955 -0.0827636 0.0349927 5.36394 0.0822854 0.996498 0.0148942 118.787 -0.0361028 -0.0119546 0.999277 0.958522
0.995896 -0.0832956 0.0353872 5.71779 0.0828387 0.996462 0.0141897 125.639 -0.0364439 -0.0112001 0.999273 0.897996
0.995943 -0.0817261 0.0376495 6.05723 0.0812299 0.996589 0.0145285 132.372 -0.0387085 -0.0114113 0.999185 0.871075
0.996675 -0.0778704 0.0239873 6.40807 0.0775415 0.996886 0.0143506 138.934 -0.0250301 -0.0124429 0.999609 0.85609
0.996899 -0.0758683 0.0209129 6.7649 0.0755172 0.996998 0.0171012 145.276 -0.0221475 -0.0154689 0.999635 0.804153
0.997828 -0.0612453 0.0242555 7.1442 0.060776 0.997958 0.0196347 151.018 -0.0254085 -0.0181179 0.999513 0.826477
0.995581 0.0920681 0.0184783 7.90369 -0.0925446 0.995347 0.0268442 155.943 -0.0159209 -0.0284356 0.999469 0.707853
0.868595 0.495306 -0.0146505 9.83085 -0.4951 0.868695 0.0156275 159.849 0.0204672 -0.00632056 0.999771 0.693005
0.521987 0.851809 -0.0441707 12.7207 -0.851546 0.5234 0.0303525 161.875 0.0489735 0.0217697 0.998563 0.827559
0.155367 0.985928 -0.061702 15.8227 -0.986971 0.157569 0.0325524 162.294 0.0418166 0.0558405 0.997564 1.00786
0.0536533 0.996666 -0.0614631 19.3015 -0.998427 0.0545474 0.0129618 162.124 0.0162713 0.0606709 0.998025 1.31671
0.0204145 0.998355 -0.0535767 23.377 -0.999788 0.0202495 -0.00362031 161.684 -0.00252946 0.0536393 0.998557 1.4667
-0.00274348 0.99884 -0.0480656 27.8352 -0.999992 -0.00288165 -0.00280511 161.149 -0.00294037 0.0480575 0.99884 1.67941
-0.0112494 0.999079 -0.0414002 32.3659 -0.99984 -0.0118152 -0.0134467 160.542 -0.0139234 0.0412423 0.999052 1.86557
-0.0193567 0.998823 -0.0444633 36.8999 -0.999709 -0.0199769 -0.0135438 159.827 -0.0144162 0.0441882 0.998919 2.11159
-0.00391281 0.998881 -0.0471321 41.3349 -0.999879 -0.00461745 -0.0148521 159.149 -0.0150531 0.0470683 0.998778 2.31642
0.0581252 0.996938 -0.052311 45.6853 -0.998307 0.0581599 -0.000859592 158.714 0.00218544 0.0522724 0.99863 2.51508
0.0713128 0.996419 -0.0454369 49.9845 -0.99745 0.0713684 -0.000400912 158.355 0.00284328 0.0453496 0.998967 2.72853
0.123246 0.991356 -0.0449891 54.5183 -0.992372 0.123255 -0.00259379 158.237 0.00297374 0.0449656 0.998984 2.87404
0.138048 0.989591 -0.0406497 59.4003 -0.990368 0.138368 0.00513984 158.182 0.010711 0.0395486 0.99916 3.03575
0.143804 0.989283 -0.0252768 64.7242 -0.989543 0.14346 -0.0149529 158.129 -0.0111665 0.0271627 0.999569 3.18705
0.133532 0.990664 -0.0274414 70.5072 -0.990949 0.133084 -0.0175641 158.144 -0.0137482 0.0295384 0.999469 3.39547
0.117756 0.991764 -0.0503782 76.5922 -0.992942 0.116872 -0.0201581 158.098 -0.0141043 0.0523964 0.998527 3.50092
0.112422 0.992978 -0.0368132 82.6791 -0.99365 0.112175 -0.00871167 157.993 -0.00452097 0.0375588 0.999284 3.82125
0.0959455 0.994858 -0.0324507 88.5094 -0.995287 0.0963451 0.0109811 157.87 0.0140511 0.0312442 0.999413 4.06644
0.0795277 0.996158 -0.0366768 94.5277 -0.996816 0.0792606 -0.00868087 157.568 -0.00574048 0.0372504 0.999289 4.24145
0.0647634 0.997399 -0.0316464 100.664 -0.9979 0.0646998 -0.00303237 157.223 -0.000976975 0.0317763 0.999495 4.45123
0.0552508 0.99758 -0.0422092 106.339 -0.998387 0.0546436 -0.0154071 156.819 -0.0130633 0.0429924 0.99899 4.75729
0.0515017 0.998145 -0.0324706 111.465 -0.998465 0.0508 -0.0220799 156.457 -0.0203894 0.0335579 0.999229 4.93661
0.0509072 0.99792 -0.0395374 116.392 -0.998683 0.0506153 -0.0083489 156.079 -0.00633034 0.0399104 0.999183 5.13702
0.0672547 0.997262 -0.0307584 120.914 -0.997734 0.0671654 -0.0039253 155.733 -0.00184865 0.0309527 0.999519 5.31072
0.0799795 0.996108 -0.0370451 124.831 -0.996796 0.0799381 -0.00260102 155.479 0.000370419 0.0371345 0.99931 5.44079
0.0664245 0.99738 -0.0286667 128.273 -0.997749 0.0661281 -0.0111682 155.235 -0.0092433 0.029344 0.999527 5.55292
-0.0292021 0.999344 -0.0214329 130.787 -0.999573 -0.0292091 -1.82744e-05 154.962 -0.000644298 0.0214232 0.99977 5.60945
-0.29011 0.956652 -0.0255535 132.521 -0.95697 -0.290188 0.000714079 154.322 -0.00673218 0.0246611 0.999673 5.68364
-0.525534 0.850033 -0.0354574 133.936 -0.850759 -0.525302 0.0163259 153.313 -0.00474831 0.0387455 0.999238 5.63843
-0.742868 0.668704 -0.0313366 135.165 -0.669416 -0.741657 0.0427448 151.884 0.00534261 0.052731 0.998594 5.734
-0.938749 0.344472 -0.00940371 136.089 -0.344591 -0.938165 0.0332259 149.314 0.00262319 0.0344313 0.999404 5.76683
-0.987922 0.15495 0.000952951 136.296 -0.154839 -0.987414 0.0322365 145.897 0.00593599 0.0316996 0.99948 6.01659
-0.990948 0.134194 0.003667 136.266 -0.134009 -0.990461 0.0320819 142.667 0.00793722 0.0313001 0.999479 6.00912
-0.990371 0.137662 0.0146702 136.322 -0.137168 -0.990075 0.0306067 139.735 0.0187379 0.0282997 0.999424 6.03373
-0.994387 0.104681 0.0153604 136.229 -0.104113 -0.993983 0.034018 136.348 0.0188291 0.0322279 0.999303 6.05095
-0.996729 0.0784261 0.0195263 135.992 -0.0778389 -0.996538 0.0292068 132.354 0.0217493 0.0275914 0.999383 6.08743
-0.997423 0.0714109 0.00690258 135.624 -0.0711281 -0.996854 0.0349805 127.738 0.00937885 0.0343993 0.999364 6.12172
-0.996621 0.0781042 0.0254235 135.27 -0.0773211 -0.996541 0.0304514 122.968 0.0277139 0.0283828 0.999213 6.16768
-0.99589 0.0880385 0.0212677 134.968 -0.0874284 -0.995775 0.0280913 117.952 0.0236509 0.0261165 0.999379 6.21747
-0.99525 0.0910191 0.0345282 134.701 -0.0900092 -0.995496 0.0297574 112.865 0.0370812 0.0265082 0.998961 6.26875
-0.995892 0.0843386 0.0329436 134.438 -0.0833815 -0.996083 0.0294215 107.662 0.0352959 0.0265537 0.999024 6.33516
-0.997809 0.0581853 0.0315023 134.126 -0.0573666 -0.998007 0.0262991 102.373 0.0329697 0.0244342 0.999158 6.34162
-0.997975 0.0568991 0.0284439 133.837 -0.0561195 -0.998045 0.0274957 97.3632 0.0299528 0.0258437 0.999217 6.25858
-0.99666 0.0763129 0.0290805 133.651 -0.0756056 -0.996832 0.0246917 92.665 0.0308726 0.0224106 0.999272 6.19479
-0.995646 0.0889041 0.0280251 133.387 -0.0881645 -0.995751 0.0266069 88.2062 0.0302715 0.0240202 0.999253 6.22271
-0.995142 0.0947295 0.0268216 133.164 -0.0941783 -0.995331 0.0211236 83.777 0.0286974 0.0184949 0.999417 6.24376
-0.995942 0.0862919 0.0255496 132.961 -0.0856818 -0.996032 0.0240819 79.3757 0.0275263 0.021795 0.999383 6.30002
-0.996966 0.0719355 0.0297396 132.773 -0.0714595 -0.997302 0.0167722 74.9295 0.0308659 0.0145961 0.999417 6.35828
-0.9982 0.05205 0.0297943 132.479 -0.0516673 -0.998574 0.0134747 70.6923 0.0304531 0.011911 0.999465 6.39066
-0.998847 0.0436562 0.0199826 132.142 -0.0433753 -0.998957 0.0142792 66.5613 0.0205852 0.013396 0.999698 6.3152
-0.994901 0.0993127 0.0175829 131.908 -0.0990633 -0.994975 0.0145322 62.2811 0.0189378 0.0127163 0.99974 6.32233
-0.993055 0.115974 0.0198115 131.743 -0.115682 -0.993168 0.0153241 57.8321 0.0214534 0.0129259 0.999686 6.25007
-0.993414 0.112016 0.0241113 131.624 -0.111703 -0.993643 0.0139698 53.4507 0.0255229 0.0111845 0.999612 6.24553
-0.992932 0.113616 0.0343024 131.513 -0.113238 -0.993486 0.0127727 49.2826 0.0355302 0.00879806 0.99933 6.26014
-0.994777 0.0974625 0.0303327 131.397 -0.0971495 -0.995202 0.0116288 45.4368 0.0313205 0.00862121 0.999472 6.23959
-0.995305 0.0942543 0.0220208 131.237 -0.0939196 -0.995455 0.0157731 41.6524 0.0234074 0.0136309 0.999633 6.22454
-0.994859 0.0984526 0.0237269 131.105 -0.0983042 -0.995129 0.00734436 37.4276 0.0243344 0.00497415 0.999691 6.21826
-0.995556 0.0892804 0.0299423 130.936 -0.0888361 -0.99592 0.0158568 32.7219 0.0312359 0.0131263 0.999426 6.19503
-0.99701 0.0724482 0.0268808 130.615 -0.0722114 -0.997342 0.00968106 27.8772 0.0275107 0.00771102 0.999592 6.17068
-0.997154 0.0670926 0.0343979 130.313 -0.0667393 -0.997706 0.0113214 23.2288 0.0350785 0.00899349 0.999344 6.21285
-0.998943 0.0394178 0.0236243 129.9 -0.0391353 -0.999158 0.0123047 18.6347 0.0240894 0.0113672 0.999645 6.20583
-0.999994 0.00210038 -0.00294528 129.36 -0.00212496 -0.999963 0.00836683 13.914 -0.0029276 0.00837303 0.999961 6.09527
-0.999308 -0.032166 -0.0186761 128.702 0.0320182 -0.999454 0.0081618 9.36928 -0.0189285 0.00755818 0.999792 6.15547
-0.999429 -0.0179441 -0.028626 128.055 0.0177536 -0.999819 0.00689446 5.30372 -0.0287446 0.00638231 0.999566 6.26265
-0.999705 0.0109064 -0.0216861 127.652 -0.0110938 -0.999902 0.00854084 1.88446 -0.0215908 0.00877891 0.999728 6.12255
-0.999367 0.0315329 -0.016451 127.381 -0.0317464 -0.999413 0.0128842 -1.01716 -0.0160351 0.0133983 0.999782 6.03617
-0.998877 0.0463665 -0.00971321 127.185 -0.0464838 -0.998845 0.0122211 -3.55808 -0.00913533 0.0126589 0.999878 6.02843
-0.99833 0.0561715 -0.013464 127.047 -0.0562054 -0.998417 0.00215208 -5.58426 -0.0133218 0.00290524 0.999907 6.0276
-0.998239 0.0576818 -0.013813 127.021 -0.0576894 -0.998334 0.00014773 -6.5418 -0.0137815 0.000944332 0.999905 6.00431
-0.998209 0.0580137 -0.0145764 127.051 -0.0580347 -0.998314 0.00101785 -6.73927 -0.0144927 0.00186197 0.999893 5.94034
-0.998242 0.0575979 -0.0139452 127.067 -0.0576777 -0.998321 0.00538928 -6.98587 -0.0136113 0.00618414 0.999888 5.95082
-0.998111 0.0579018 -0.0205618 126.959 -0.0581739 -0.998223 0.0128904 -8.37077 -0.0197789 0.0140622 0.999705 5.90096
-0.998063 0.0580294 -0.0224057 126.875 -0.0582377 -0.998264 0.0087567 -10.3305 -0.0218587 0.0100446 0.999711 5.91593
-0.998245 0.0568622 -0.0165055 126.747 -0.0569432 -0.998367 0.00448389 -12.1987 -0.0162236 0.0054159 0.999854 5.85434
-0.99825 0.0557697 -0.0196789 126.71 -0.0559869 -0.998374 0.010667 -13.43 -0.019052 0.01175 0.999749 5.8055
-0.998609 0.051037 -0.0132163 126.642 -0.0513019 -0.998472 0.0205482 -14.7056 -0.0121474 0.0211976 0.999701 5.75185
-0.999714 0.0226512 -0.00766523 126.376 -0.0228322 -0.999441 0.0244176 -15.9713 -0.00710786 0.0245856 0.999672 5.7456
-0.99602 -0.0886746 0.00897123 126.258 0.0888361 -0.995854 0.0195663 -17.2627 0.007199 0.0202854 0.999768 5.99248
-0.937066 -0.348924 0.0126009 125.78 0.34913 -0.936798 0.0227375 -18.5698 0.00387087 0.0257059 0.999662 5.92783
-0.74057 -0.671886 0.0111838 124.663 0.671934 -0.740225 0.0238786 -19.7276 -0.00776523 0.0251986 0.999652 5.86356
-0.46216 -0.886655 0.0158527 123.166 0.886524 -0.461501 0.0330618 -20.4487 -0.0219984 0.0293336 0.999328 5.52199
-0.208318 -0.977955 0.0144406 121.542 0.977852 -0.207945 0.0237634 -20.7938 -0.0202367 0.0190711 0.999613 5.32286
-0.0974878 -0.995204 0.00807583 119.51 0.995075 -0.0973226 0.0188063 -20.8957 -0.0179301 0.00986944 0.999791 5.06006
-0.0796818 -0.99678 0.00892065 117.311 0.996629 -0.0794877 0.0203244 -20.8477 -0.0195499 0.0105101 0.999754 4.92462
-0.0800815 -0.996788 -0.00029255 114.926 0.996689 -0.0800775 0.014104 -20.7303 -0.0140821 0.000837887 0.999901 4.96294
-0.0851866 -0.996364 -0.00131644 111.791 0.996244 -0.0851969 0.0154905 -20.5612 -0.0155464 8.09226e-06 0.999879 4.87019
-0.0898992 -0.995951 0.000640316 108.35 0.995919 -0.0898912 0.00803488 -20.4446 -0.00794479 0.00136003 0.999968 4.72552
-0.0931515 -0.995628 -0.00687132 104.598 0.995567 -0.0932317 0.0124546 -20.2827 -0.0130407 -0.0056807 0.999899 4.67848
-0.0868144 -0.996217 -0.00391603 100.51 0.996064 -0.0868702 0.017588 -20.0831 -0.0178616 -0.00237373 0.999838 4.57932
-0.0827508 -0.99657 0.000492254 96.0706 0.996319 -0.0827187 0.0225114 -19.8297 -0.0223934 0.00235327 0.999746 4.4326
-0.0856187 -0.9963 -0.0075481 91.1277 0.996173 -0.0857365 0.0169764 -19.5969 -0.0175608 -0.00606572 0.999827 4.21526
-0.0803096 -0.996714 -0.0106016 85.7354 0.996612 -0.0804816 0.0169357 -19.3557 -0.0177332 -0.0092056 0.9998 4.0066
-0.0762277 -0.997024 -0.0115438 80.161 0.99688 -0.0764445 0.0196757 -19.0272 -0.0204996 -0.010008 0.99974 3.826
-0.0816293 -0.996609 -0.0104037 74.4659 0.99637 -0.081854 0.0233906 -18.7514 -0.0241628 -0.0084566 0.999672 3.59861
-0.0856955 -0.996168 -0.017468 68.561 0.996116 -0.0860207 0.018807 -18.5085 -0.0202375 -0.0157885 0.999671 3.31474
-0.0736086 -0.997253 -0.0082853 62.7946 0.997079 -0.0737604 0.0198034 -18.2663 -0.0203601 -0.00680339 0.99977 3.04279
-0.0829219 -0.996377 -0.018876 57.3836 0.996331 -0.0832905 0.0196602 -18.0371 -0.0211612 -0.0171765 0.999629 2.8086
-0.0818871 -0.996253 -0.0278459 52.6247 0.996411 -0.0824375 0.0192265 -17.8385 -0.0214499 -0.0261716 0.999427 2.54513
-0.0805986 -0.996557 -0.0194513 48.2541 0.996595 -0.0809112 0.015857 -17.6518 -0.0173762 -0.0181071 0.999685 2.24808
-0.0809625 -0.996636 -0.0127288 43.8042 0.996604 -0.0811394 0.0140543 -17.4162 -0.0150398 -0.0115477 0.99982 1.92803
-0.0825304 -0.996442 -0.0170873 38.8856 0.99647 -0.0827727 0.0139985 -17.1942 -0.015363 -0.0158716 0.999756 1.66871
-0.0827633 -0.996552 -0.005936 33.2032 0.996303 -0.0828774 0.0226203 -16.8643 -0.0230342 -0.00404193 0.999727 1.46
-0.0818686 -0.996509 -0.0163278 27.018 0.996292 -0.0822637 0.0252036 -16.5382 -0.0264588 -0.0142039 0.999549 1.17071
-0.0798739 -0.996648 -0.0176815 20.716 0.996508 -0.0802708 0.0230021 -16.2227 -0.0243443 -0.0157825 0.999579 0.797014
-0.0768162 -0.996871 -0.0186311 14.7441 0.996772 -0.0772192 0.0219738 -15.8913 -0.0233437 -0.016883 0.999585 0.392546
-0.0755507 -0.996915 -0.0212563 9.55521 0.996927 -0.0759596 0.0191363 -15.6825 -0.0206919 -0.0197452 0.999591 0.249276
-0.0392762 -0.999043 -0.0192446 5.55207 0.999061 -0.039615 0.0175507 -15.322 -0.0182963 -0.0185372 0.999661 -0.0525033
0.193825 -0.980886 -0.0171757 2.14869 0.981035 0.193823 0.00180627 -14.4985 0.0015573 -0.0172001 0.999851 -0.26857
0.569723 -0.820966 -0.0378188 -0.458681 0.821569 0.570108 0.000708349 -12.8515 0.0209793 -0.0314743 0.999284 -0.413247
0.879295 -0.475266 -0.0310195 -1.9886 0.475262 0.879808 -0.00794712 -10.5344 0.0310682 -0.00775452 0.999487 -0.489116
0.994096 -0.107561 -0.0142409 -2.31945 0.107088 0.993779 -0.0305996 -7.41663 0.0174436 0.028894 0.99943 -0.606269
0.999998 -0.00132142 0.00118693 -1.98613 0.00136311 0.999357 -0.035836 -3.52234 -0.00113881 0.0358375 0.999357 -0.588473
0.99713 0.0743634 0.0142398 -1.2428 -0.073906 0.996804 -0.0303297 0.605453 -0.0164497 0.0291902 0.999439 -0.656031
0.989708 0.141166 0.0234528 -0.45284 -0.140478 0.989665 -0.0287883 3.56098 -0.0272743 0.0251974 0.99931 -0.59447
0.99066 0.131603 0.0356966 0.0805953 -0.130474 0.990925 -0.0322996 5.40392 -0.0396234 0.0273404 0.998841 -0.500736
0.993858 0.103936 0.0379816 0.447894 -0.103079 0.994386 -0.0238785 6.85832 -0.0402502 0.0198167 0.998993 -0.352401
0.998087 0.0375398 0.0491135 0.65048 -0.0366725 0.999157 -0.0184427 8.10449 -0.0497644 0.0166063 0.998623 -0.0350373
0.996493 -0.0655762 0.0519697 0.653805 0.0666253 0.997602 -0.0187171 9.1338 -0.0506177 0.022114 0.998473 0.199327
0.993352 -0.10495 0.0472923 0.59945 0.105954 0.994184 -0.0192601 9.49954 -0.0449959 0.0241429 0.998695 0.41281
0.993316 -0.104765 0.0484512 0.655747 0.105845 0.994175 -0.0203007 9.48864 -0.0460422 0.0252933 0.998619 0.484164
0.993293 -0.104717 0.0490299 0.676771 0.105811 0.994179 -0.020284 9.46961 -0.0466204 0.0253359 0.998591 0.620528
