1 0 0 0 0 1 0 0 0 0 1 0
1 6.6561e-05 5.23898e-05 -7.59051e-05 -6.65622e-05 1 2.3013e-05 0.000173024 -5.23883e-05 -2.30165e-05 1 -0.000208101
0.998398 -0.0563853 0.00471864 0.317357 0.0564975 0.997994 -0.0285641 -1.91518 -0.00309858 0.0287849 0.999581 -0.130343
0.998486 -0.0548528 0.00412351 0.307832 0.0549563 0.997984 -0.0317341 -1.72219 -0.00237449 0.0319127 0.999488 -0.0626579
0.9985 -0.0545751 0.00437946 0.305483 0.0546857 0.998014 -0.0312716 -1.67244 -0.00266411 0.0314642 0.999501 -0.0566216
0.998527 -0.0540511 0.00474096 0.308046 0.0541736 0.998039 -0.0313561 -1.64013 -0.00303683 0.0315668 0.999497 -0.0231349
0.99847 -0.0550767 0.00500936 0.306078 0.0552085 0.997969 -0.0317766 -1.63851 -0.00324904 0.0320045 0.999482 -0.0636953
0.998481 -0.0548432 0.00528951 0.306292 0.0549847 0.997975 -0.031971 -1.63155 -0.00352541 0.0322133 0.999475 -0.0608492
0.998401 -0.0562812 0.00528367 0.302858 0.0564232 0.997883 -0.0323321 -1.62976 -0.0034528 0.0325785 0.999463 -0.0979326
0.99849 -0.0547033 0.00502241 0.304363 0.0548355 0.997992 -0.0317079 -1.63264 -0.0032778 0.0319354 0.999485 -0.0490879
0.998541 -0.0538156 0.00451259 0.305196 0.0539315 0.998045 -0.0315693 -1.63135 -0.00280485 0.0317666 0.999491 -0.00751584
0.998488 -0.0547405 0.00504711 0.303854 0.0548755 0.99797 -0.0323238 -1.63142 -0.00326744 0.0325519 0.999465 -0.057652
0.998502 -0.0544786 0.00517562 0.304205 0.0546163 0.997999 -0.0318633 -1.63336 -0.0034294 0.0320982 0.999479 -0.0481756
0.998486 -0.0547686 0.00510328 0.304278 0.0549038 0.997984 -0.0318512 -1.62971 -0.00334854 0.0320832 0.99948 -0.0518621
0.998484 -0.0548446 0.00465998 0.302679 0.0549664 0.997972 -0.0321157 -1.62983 -0.00288915 0.0323231 0.999473 -0.0571527
0.998481 -0.0548744 0.00495338 0.303835 0.0550067 0.997959 -0.0324504 -1.62602 -0.00316257 0.0326736 0.999461 -0.0554757
0.998478 -0.0548799 0.00545165 0.302935 0.0550285 0.997957 -0.0324664 -1.624 -0.00365876 0.032717 0.999458 -0.0464079
0.998508 -0.0544302 0.00434098 0.302978 0.0545394 0.998024 -0.0311956 -1.61147 -0.00263442 0.0313858 0.999504 -0.04195
0.997131 -0.0754943 0.00549589 0.284537 0.0756316 0.996628 -0.0318125 -1.36745 -0.0030757 0.0321369 0.999479 -0.033669
0.981017 -0.19375 0.00812579 0.155453 0.193914 0.980458 -0.0331656 -0.801039 -0.00154118 0.0341117 0.999417 -0.0206837
0.974677 -0.223424 0.00930915 0.118686 0.223609 0.974157 -0.0318865 -0.618615 -0.00194438 0.0331606 0.999448 0.0145881
0.97472 -0.223283 0.00804623 0.11894 0.223427 0.974189 -0.0321818 -0.620331 -0.00065289 0.033166 0.99945 0.0103473
0.974157 -0.225727 0.0081169 0.114138 0.225872 0.973617 -0.0324435 -0.6116 -0.000579369 0.0334385 0.999441 0.0123862
0.965182 -0.261297 0.0121256 0.0508835 0.261559 0.964637 -0.0325793 -0.428509 -0.00318394 0.0346166 0.999396 -0.027536
0.913337 -0.406843 0.0171375 -0.24962 0.407203 0.912642 -0.0356579 0.197926 -0.00113324 0.0395461 0.999217 0.0280122
0.899751 -0.435864 0.0216867 -0.90688 0.436378 0.899115 -0.0341511 1.71701 -0.00461363 0.0401911 0.999181 0.051945
0.960681 -0.276212 0.0282585 -1.52287 0.27716 0.96006 -0.0382911 3.94108 -0.0165534 0.0446177 0.998867 0.111145
0.980982 -0.193367 0.016843 -2.0769 0.193776 0.980661 -0.0274902 6.92444 -0.0112015 0.0302312 0.99948 0.178819
0.98426 -0.175906 0.0170116 -2.32989 0.176257 0.984098 -0.0220122 8.7031 -0.012869 0.0246641 0.999613 0.21508
0.990321 -0.137896 0.0158071 -2.7897 0.138219 0.990165 -0.0216397 12.797 -0.0126676 0.0236151 0.999641 0.2045
0.995054 -0.0974946 0.0190594 -3.11296 0.0978183 0.995062 -0.0168582 17.4398 -0.0173217 0.0186391 0.999676 0.245043
0.996671 -0.0811585 0.00781802 -3.35213 0.081252 0.996615 -0.012496 22.3278 -0.0067774 0.0130896 0.999891 0.24873
0.997341 -0.070797 0.017294 -3.48984 0.0709842 0.997423 -0.0104583 26.9775 -0.016509 0.0116581 0.999796 0.255904
0.996955 -0.0776223 0.00745785 -3.65242 0.0777075 0.996905 -0.0119018 31.3186 -0.00651092 0.0124451 0.999901 0.250201
0.995601 -0.0936756 -0.00196797 -3.86798 0.09366 0.99558 -0.00691662 35.4799 0.00260719 0.00670188 0.999974 0.233311
0.995062 -0.0992349 -0.0021025 -4.09322 0.0992227 0.995051 -0.00527155 39.5953 0.00261522 0.0050369 0.999984 0.204956
0.996417 -0.0845698 -0.000714387 -4.28869 0.0845578 0.996364 -0.0104058 43.5132 0.00159181 0.0103081 0.999946 0.186692
0.996709 -0.0808969 -0.00516359 -4.47812 0.0808486 0.996686 -0.00895615 47.8692 0.005871 0.0085092 0.999947 0.180899
0.996446 -0.0837006 -0.00943839 -4.67513 0.0836603 0.996484 -0.00458311 52.5765 0.00978881 0.0037772 0.999945 0.153531
0.99596 -0.0897923 -0.000755324 -4.88931 0.0897837 0.995931 -0.00780165 57.4101 0.00145278 0.00770232 0.999969 0.111611
0.996596 -0.0824241 -0.00147324 -5.08767 0.0824111 0.996571 -0.00741741 62.0493 0.00207956 0.00727075 0.999971 0.0898591
0.997043 -0.0759006 -0.0119936 -5.28102 0.0758121 0.997093 -0.00767298 66.4038 0.0125411 0.00674104 0.999899 0.0745066
0.998377 -0.0566931 -0.00547001 -5.36675 0.0566431 0.998355 -0.00890141 70.8569 0.00596566 0.00857712 0.999945 0.0601596
0.999214 -0.0396086 0.0014849 -5.36177 0.0396193 0.999183 -0.00800482 75.6925 -0.00116663 0.00805736 0.999967 -0.0339203
0.998112 -0.0593858 0.015654 -5.36285 0.0593911 0.998235 0.000124172 80.7433 -0.0156337 0.00080577 0.999877 -0.0746556
0.997136 -0.0746043 0.0123821 -5.55188 0.0746623 0.9972 -0.00428122 86.0022 -0.012028 0.00519343 0.999914 -0.103512
0.998675 -0.0497458 0.0131402 -5.62574 0.0497921 0.998754 -0.00322531 91.402 -0.0129634 0.00387531 0.999908 -0.162468
0.998891 -0.0422563 0.0207751 -5.63685 0.0421506 0.999096 0.00549671 96.9155 -0.0209886 -0.00461493 0.999769 -0.253211
0.998317 -0.0520975 0.0254766 -5.64969 0.051848 0.998601 0.0103564 102.58 -0.0259805 -0.00901808 0.999622 -0.349416
0.99765 -0.0619675 0.0292317 -5.73317 0.0617138 0.998049 0.00950312 108.458 -0.0297636 -0.00767679 0.999528 -0.486933
0.997091 -0.0697763 0.0306564 -5.87945 0.0696104 0.997553 0.00644799 114.409 -0.0310313 -0.00429523 0.999509 -0.609952
0.99678 -0.0728711 0.0334646 -6.0525 0.0724377 0.997275 0.0139889 120.269 -0.0343928 -0.0115198 0.999342 -0.750735
0.996692 -0.0731503 0.0354227 -6.21602 0.0725193 0.99719 0.018782 126.111 -0.036697 -0.016151 0.999196 -0.899805
0.996978 -0.071224 0.0310091 -6.39315 0.0708332 0.997396 0.0135275 131.772 -0.0318919 -0.0112902 0.999428 -1.03931
0.996815 -0.0752207 0.026488 -6.58115 0.0748262 0.997075 0.0155868 137.207 -0.0275829 -0.0135551 0.999528 -1.18389
0.997354 -0.0691966 0.0222726 -6.74233 0.0688695 0.997511 0.0151328 142.409 -0.0232643 -0.0135589 0.999637 -1.29582
0.997904 -0.0601559 0.023862 -6.85317 0.0595666 0.997919 0.0246821 147.308 -0.0252971 -0.023209 0.999411 -1.43357
0.999665 -0.00574794 0.0252339 -6.8335 0.00519781 0.999749 0.021813 151.462 -0.025353 -0.0216745 0.999444 -1.58625
0.988784 0.148212 0.0184128 -6.45887 -0.148527 0.98876 0.0171214 154.749 -0.0156682 -0.0196642 0.999684 -1.6888
0.888933 0.458035 0.00151978 -5.40247 -0.458031 0.888898 0.00827325 157.28 0.00243851 -0.00805047 0.999965 -1.76805
0.675181 0.737032 -0.0302392 -3.77513 -0.73741 0.675443 -0.00205376 158.893 0.0189111 0.0236853 0.999541 -1.7951
0.382445 0.922569 -0.0510207 -1.32309 -0.923553 0.383362 0.00918945 160.053 0.0280373 0.0436059 0.998655 -1.73504
0.184859 0.980863 -0.0611076 2.00266 -0.982479 0.185949 0.0126002 160.655 0.023722 0.0577076 0.998052 -1.61984
0.100298 0.993447 -0.0548028 5.80913 -0.994944 0.0998616 -0.0106608 160.89 -0.00511821 0.055595 0.99844 -1.45896
0.0781237 0.995867 -0.0463318 9.91734 -0.996934 0.0782394 0.000686478 161.104 0.00430861 0.0461362 0.998926 -1.29978
0.0710526 0.996188 -0.0506079 14.3481 -0.997467 0.0711322 -0.000227217 161.247 0.0033735 0.0504959 0.998719 -1.15582
0.103188 0.993229 -0.0533684 19.0361 -0.994662 0.103007 -0.00614082 161.465 -0.000601932 0.0537171 0.998556 -1.03365
0.111707 0.992563 -0.0483734 23.9537 -0.99374 0.111506 -0.00684845 161.755 -0.00140361 0.0488356 0.998806 -0.852528
0.106753 0.993018 -0.0501885 29.1056 -0.994129 0.107495 0.0123246 162.1 0.0176336 0.0485781 0.998664 -0.655696
0.0873773 0.995098 -0.0463225 34.5653 -0.995968 0.0882133 0.0163183 162.375 0.0203246 0.0447098 0.998793 -0.457531
0.0750901 0.996219 -0.0436893 40.2286 -0.997007 0.0758143 0.0151608 162.608 0.0184158 0.0424201 0.99893 -0.275142
0.077852 0.996135 -0.0406733 45.7232 -0.996904 0.0782329 0.00785594 162.787 0.0110076 0.0399358 0.999142 -0.161282
0.0756214 0.996333 -0.0400339 50.8947 -0.997125 0.0753684 -0.00779395 162.897 -0.00474808 0.0405082 0.999168 -0.00701994
0.0753151 0.99693 -0.0214139 56.1157 -0.99709 0.0750388 -0.0134239 163.069 -0.0117758 0.0223627 0.999681 0.0900646
0.0773785 0.995881 -0.047267 61.3408 -0.996961 0.0768601 -0.0126904 163.259 -0.00900521 0.0481054 0.998802 0.220152
0.0745116 0.996308 -0.0426477 65.9646 -0.997209 0.0746405 0.00143563 163.443 0.00461358 0.0424217 0.999089 0.374714
0.0761517 0.996545 -0.0331641 71.454 -0.996992 0.0765836 0.0119532 163.651 0.0144517 0.032154 0.999378 0.505685
0.0667899 0.997421 -0.0262651 75.9037 -0.99767 0.0671281 0.0122141 163.76 0.0139457 0.0253881 0.99958 0.590771
0.0600451 0.997852 -0.026191 81.3172 -0.998195 0.0599864 -0.00302036 163.86 -0.00144277 0.0263251 0.999652 0.716486
0.0655193 0.997167 -0.0369426 86.1919 -0.997845 0.0656024 0.00104036 163.982 0.00346094 0.0367948 0.999317 0.776796
0.0782934 0.995978 -0.0435567 90.9421 -0.996894 0.0778444 -0.0119138 164.101 -0.00847528 0.0443543 0.99898 0.876822
0.0936216 0.994897 -0.037611 95.4272 -0.99555 0.0931415 -0.014323 164.27 -0.0107468 0.0387846 0.99919 1.00385
0.0937758 0.994937 -0.0361399 99.6686 -0.995575 0.0934904 -0.0095112 164.468 -0.00608431 0.0368719 0.999301 1.14578
0.0982382 0.994603 -0.0333714 103.712 -0.995149 0.0980047 -0.00856579 164.708 -0.00524902 0.034051 0.999406 1.23098
0.108487 0.993232 -0.0414874 107.473 -0.994097 0.108356 -0.00540563 164.96 -0.000873635 0.041829 0.999124 1.31634
0.108753 0.99372 -0.0263178 110.871 -0.994068 0.108671 -0.0045268 165.189 -0.00163839 0.026654 0.999643 1.36797
0.00751853 0.999562 -0.028628 113.801 -0.999962 0.0073871 -0.0046941 165.155 -0.00448056 0.0286622 0.999579 1.41858
-0.195242 0.980519 -0.0215114 116.296 -0.980746 -0.195289 -7.67624e-05 164.684 -0.00427621 0.0210823 0.999769 1.45739
-0.463751 0.885734 -0.0202643 118.292 -0.885956 -0.463732 0.00589609 163.697 -0.00417485 0.0206876 0.999777 1.49248
-0.690158 0.72284 -0.0344268 119.78 -0.723655 -0.68953 0.0295283 162.372 -0.00239402 0.0452923 0.998971 1.53056
-0.841188 0.540219 -0.0238078 120.871 -0.540736 -0.840585 0.0319663 160.703 -0.00274365 0.0397634 0.999205 1.58003
-0.940087 0.34091 -0.0041397 121.585 -0.340888 -0.939685 0.0280544 158.868 0.00567401 0.0277847 0.999598 1.63045
-0.981812 0.189788 0.00510908 122.003 -0.189473 -0.981182 0.0371689 156.74 0.0120672 0.0355248 0.999296 1.66976
-0.992631 0.120961 0.00721456 122.266 -0.120688 -0.992218 0.0306374 154.383 0.0108643 0.0295409 0.999505 1.68653
-0.993357 0.11446 0.0118351 122.447 -0.113971 -0.992833 0.0359694 151.676 0.0158674 0.0343817 0.999283 1.76737
-0.994008 0.107668 0.0188423 122.739 -0.107009 -0.993709 0.0330255 148.193 0.0222796 0.0308114 0.999277 1.80874
-0.99617 0.0859028 0.0163233 122.942 -0.0853963 -0.995909 0.0295356 144.272 0.0187937 0.0280285 0.99943 1.85629
-0.996665 0.0797813 0.0171219 123.099 -0.0793349 -0.996526 0.0253385 140.259 0.019084 0.0238956 0.999532 1.93668
-0.997064 0.0746585 0.017004 123.253 -0.0741006 -0.996758 0.0313638 136.037 0.0192905 0.0300117 0.999363 2.00057
-0.997809 0.0610785 0.0254198 123.354 -0.060256 -0.997671 0.0319549 131.468 0.0273124 0.0303532 0.999166 2.09728
-0.998757 0.0460903 0.0189471 123.43 -0.0455508 -0.99857 0.0279811 126.802 0.0202096 0.0270833 0.999429 2.14819
-0.998602 0.0494702 0.0185922 123.429 -0.0490078 -0.998496 0.0245549 122.097 0.019779 0.0236095 0.999526 2.26993
-0.998366 0.054552 0.0170355 123.494 -0.0541212 -0.998226 0.0247994 117.759 0.0183582 0.0238369 0.999547 2.30269
-0.996584 0.080639 0.0178102 123.595 -0.0801715 -0.996453 0.0255668 113.768 0.0198087 0.0240516 0.999514 2.34764
-0.994008 0.107213 0.0212846 123.798 -0.106609 -0.993914 0.0277253 110.108 0.0241276 0.02529 0.999389 2.42443
-0.993429 0.1109 0.0282726 124.077 -0.110022 -0.993448 0.0309371 106.128 0.0315182 0.0276232 0.999121 2.48006
-0.993202 0.111877 0.0321366 124.409 -0.111061 -0.993469 0.0261428 101.53 0.0348515 0.022396 0.999142 2.53229
-0.994166 0.103392 0.0307041 124.752 -0.102622 -0.994389 0.0256641 96.7621 0.0331853 0.0223635 0.999199 2.5734
-0.9957 0.0848512 0.037165 124.976 -0.0840417 -0.996201 0.0228281 92.124 0.0389608 0.0196065 0.999048 2.64171
-0.997484 0.063805 0.0308835 125.101 -0.0631103 -0.997742 0.0229705 87.5761 0.0322794 0.0209637 0.999259 2.70083
-0.998523 0.0474442 0.0264674 125.129 -0.0470391 -0.998769 0.0157213 83.4512 0.0271807 0.014453 0.999526 2.73599
-0.999177 0.0317178 0.0252791 125.09 -0.031415 -0.999431 0.0122878 78.7222 0.0256545 0.0114835 0.999605 2.73484
-0.996759 0.0788811 0.0157815 125.12 -0.0787177 -0.996839 0.0107193 73.3341 0.0165771 0.00944224 0.999818 2.74543
-0.993337 0.113965 0.0171314 125.464 -0.113595 -0.993301 0.0211657 68.3326 0.0194288 0.0190786 0.999629 2.73798
-0.993585 0.111449 0.0191966 125.789 -0.111177 -0.993691 0.0147317 63.6764 0.0207174 0.012503 0.999707 2.75458
-0.993877 0.106908 0.0279309 126.189 -0.106563 -0.994214 0.0135429 57.8525 0.0292171 0.0104835 0.999518 2.75183
-0.995192 0.0951421 0.0232386 126.489 -0.0948788 -0.995414 0.0121865 52.9858 0.0242915 0.0099231 0.999656 2.73381
-0.995932 0.0870957 0.0231154 126.77 -0.0869933 -0.996194 0.0054021 46.8992 0.0234979 0.00336924 0.999718 2.72798
-0.996107 0.0848101 0.0240398 126.99 -0.0844398 -0.9963 0.0160245 41.7885 0.0253099 0.0139322 0.999583 2.70859
-0.996393 0.0801808 0.0277707 127.269 -0.0799483 -0.996755 0.00938848 35.3808 0.0284334 0.0071344 0.99957 2.66286
-0.997537 0.0622501 0.0323325 127.44 -0.06183 -0.997991 0.0138366 29.8295 0.0331288 0.0118034 0.999381 2.68009
-0.999793 0.0203454 0.000522787 127.349 -0.0203395 -0.999748 0.00947067 23.3931 0.00071534 0.00945808 0.999955 2.64677
-0.999721 -0.0103039 -0.0212591 127.003 0.0101269 -0.999913 0.00841919 16.7578 -0.021344 0.00820156 0.999739 2.63705
-0.999826 -0.000731241 -0.0186572 126.643 0.000584731 -0.999969 0.00785698 10.3553 -0.0186623 0.00784471 0.999795 2.62728
-0.998927 0.0430993 -0.0169476 126.522 -0.0432986 -0.998995 0.0115703 4.10553 -0.0164319 0.0122917 0.999789 2.6194
-0.998274 0.055072 -0.020409 126.578 -0.0552001 -0.998459 0.0057683 -1.69894 -0.0200599 0.00688493 0.999775 2.60606
-0.999486 0.0303654 -0.010293 126.628 -0.0305441 -0.999377 0.0176669 -5.60956 -0.00975008 0.0179722 0.999791 2.58162
-0.99872 -0.0494479 0.0106289 126.568 0.0496436 -0.998586 0.0190129 -7.95486 0.00967368 0.0195162 0.999763 2.6044
-0.952249 -0.305038 0.0131829 126.078 0.305264 -0.952026 0.0214622 -9.55861 0.00600363 0.0244616 0.999683 2.62484
-0.699585 -0.714389 0.0151352 124.704 0.714508 -0.699157 0.0256732 -11.0079 -0.00775883 0.0287748 0.999556 2.65496
-0.329096 -0.944055 0.0213422 122.36 0.943728 -0.328029 0.0421293 -11.7118 -0.0327715 0.0340058 0.998884 2.6453
-0.0997483 -0.994961 0.0101129 119.136 0.994823 -0.0995253 0.0205678 -11.9849 -0.0194577 0.0121122 0.999737 2.67362
-0.0734196 -0.997301 -0.000298596 114.684 0.997206 -0.0734167 0.0137561 -12.14 -0.0137409 0.00071221 0.999905 2.66107
-0.0723065 -0.997382 0.000683266 109.29 0.997359 -0.0723001 0.00698051 -12.286 -0.00691283 0.0011862 0.999975 2.59243
-0.0847074 -0.996392 -0.00520952 103.103 0.996205 -0.0847942 0.0196522 -12.4722 -0.020023 -0.00352506 0.999793 2.48622
-0.0845839 -0.996415 0.00164304 96.2626 0.996157 -0.0845242 0.022945 -12.7379 -0.0227238 0.0035775 0.999735 2.39482
-0.0844896 -0.996408 -0.00576874 88.9038 0.996256 -0.0845803 0.0178992 -13.0456 -0.0183229 -0.00423484 0.999823 2.2526
-0.0836041 -0.996407 -0.0135573 81.1754 0.9963 -0.0838513 0.0188292 -13.3546 -0.0198984 -0.0119329 0.999731 2.09176
-0.0820999 -0.996563 -0.0110288 73.2279 0.99631 -0.082347 0.024216 -13.6446 -0.0250409 -0.00899997 0.999646 1.89384
-0.084116 -0.996392 -0.0112481 64.7693 0.996201 -0.0843445 0.0216815 -13.9676 -0.022552 -0.00938165 0.999702 1.69308
-0.085077 -0.996223 -0.0173758 56.0447 0.996069 -0.08547 0.0232811 -14.3062 -0.0246783 -0.0153268 0.999578 1.48597
-0.087132 -0.996032 -0.0181297 47.0486 0.99604 -0.0874264 0.016139 -14.6812 -0.01766 -0.0166517 0.999705 1.20673
-0.0789715 -0.996805 -0.011981 38.0879 0.996776 -0.0791287 0.0132716 -15.0275 -0.0141772 -0.0108943 0.99984 0.971717
-0.0691272 -0.997503 -0.0144562 29.5013 0.997299 -0.0694591 0.0238749 -15.2395 -0.0248194 -0.0127668 0.99961 0.764937
-0.0532821 -0.998445 -0.0163813 21.5536 0.99833 -0.0536286 0.0214902 -15.3972 -0.0223353 -0.0152089 0.999635 0.549526
-0.0633844 -0.997835 -0.0175624 14.4278 0.9978 -0.0637057 0.0183773 -15.5854 -0.0194564 -0.0163589 0.999677 0.381903
-0.0555871 -0.998147 -0.0247462 8.55049 0.998287 -0.0560135 0.0168826 -15.7445 -0.0182375 -0.0237654 0.999551 0.194079
0.12028 -0.992512 -0.0212787 4.46765 0.992656 0.119963 0.0155688 -15.4224 -0.0128996 -0.0229951 0.999652 0.0834368
0.448341 -0.893704 -0.0168157 1.62801 0.89386 0.448218 0.0106894 -14.233 -0.00201604 -0.0198234 0.999801 -0.0390954
0.782691 -0.621487 -0.0338818 -0.384447 0.621771 0.783194 -0.00266251 -12.1276 0.0281907 -0.0189828 0.999422 -0.104782
0.974025 -0.224882 -0.0265366 -1.17496 0.224566 0.974353 -0.0143645 -9.60538 0.0290864 0.00803211 0.999545 -0.141973
0.997289 0.0721002 -0.0146827 -1.08015 -0.0725651 0.996782 -0.03407 -7.19452 0.012179 0.0350431 0.999312 -0.116428
0.995916 0.0902586 -0.00199142 -0.647232 -0.0902755 0.995384 -0.0325799 -4.1071 -0.000958393 0.0326267 0.999467 -0.0589884
0.997953 -0.0626894 0.0126256 -0.481724 0.0630734 0.997472 -0.0327397 -0.314069 -0.0105412 0.033469 0.999384 0.0326951
0.979947 -0.196375 0.0337805 -0.973025 0.197569 0.979605 -0.0366171 4.22464 -0.0259008 0.0425568 0.998758 0.116187
0.976403 -0.213798 0.0304722 -1.8211 0.214398 0.976581 -0.0179615 9.19097 -0.0259184 0.0240708 0.999374 0.195439
0.987713 -0.153613 0.0287322 -2.55357 0.154033 0.98798 -0.0130001 14.3166 -0.0263898 0.0172661 0.999503 0.228607
0.997054 -0.0730266 0.0234583 -2.89746 0.073326 0.997234 -0.0121672 19.6106 -0.0225049 0.0138515 0.999651 0.245295
0.998521 -0.0462392 0.0285806 -2.95445 0.0465494 0.998863 -0.0102863 25.0818 -0.0280725 0.0116015 0.999539 0.238045
0.998356 -0.0506751 0.0267804 -2.9944 0.0510225 0.99862 -0.0124538 30.7225 -0.0261123 0.0137997 0.999564 0.240235
0.997232 -0.0720678 0.0182708 -3.12718 0.0722918 0.997312 -0.0119097 36.6053 -0.0173633 0.0131975 0.999762 0.201744
0.995944 -0.0878219 0.019561 -3.35653 0.0880428 0.996059 -0.0107343 42.6112 -0.0185412 0.0124129 0.999751 0.166902
0.99441 -0.104052 0.0179367 -3.6984 0.104212 0.994521 -0.0082253 48.6647 -0.0169825 0.0100485 0.999805 0.162932
0.993739 -0.109868 0.0203017 -4.07705 0.10997 0.993927 -0.00398342 54.4177 -0.0197408 0.00619106 0.999786 0.132192
0.993953 -0.108361 0.0177468 -4.46485 0.108454 0.994092 -0.00441731 59.9051 -0.0171633 0.00631532 0.999833 0.116063
0.995132 -0.098533 -0.00204868 -4.81515 0.0985177 0.995114 -0.00657194 65.0129 0.00268622 0.00633812 0.999976 0.101283
0.99919 -0.0394422 0.00797776 -4.90826 0.0394912 0.999201 -0.00607728 69.8619 -0.00773168 0.0063874 0.99995 0.0581239
0.999649 -0.0165539 0.0206873 -4.78943 0.016735 0.999823 -0.00861201 74.7965 -0.0205411 0.00895519 0.999749 0.0216882
0.999173 -0.0211865 0.0346951 -4.637 0.02116 0.999775 0.0011309 80.041 -0.0347113 -0.000395818 0.999397 -0.0540572
0.998856 -0.0327505 0.0348358 -4.53271 0.032897 0.999452 -0.00363803 85.5852 -0.0346976 0.00477986 0.999386 -0.105852
0.997684 -0.0573456 0.0365805 -4.56806 0.0575194 0.998337 -0.00371786 91.3464 -0.0363065 0.00581334 0.999324 -0.16162
0.996337 -0.0790012 0.032741 -4.7403 0.0789105 0.996873 0.00405665 97.3277 -0.0329591 -0.00145818 0.999456 -0.26266
0.994813 -0.0931404 0.0408814 -5.03486 0.0927624 0.995627 0.0110507 103.563 -0.0417319 -0.00720111 0.999103 -0.388465
0.99517 -0.0927424 0.0321907 -5.38448 0.0924591 0.995664 0.0101846 110.088 -0.0329956 -0.00715911 0.99943 -0.537228
0.995955 -0.0827636 0.0349927 -5.67756 0.0822854 0.996498 0.0148942 116.79 -0.0361028 -0.0119546 0.999277 -0.64159
0.995896 -0.0832956 0.0353872 -5.95841 0.0828387 0.996462 0.0141897 123.652 -0.0364439 -0.0112001 0.999273 -0.802495
0.995943 -0.0817261 0.0376495 -6.19206 0.0812299 0.996589 0.0145285 129.75 -0.0387085 -0.0114113 0.999185 -0.981887
0.996675 -0.0778704 0.0239873 -6.46902 0.0775415 0.996886 0.0143506 136.319 -0.0250301 -0.0124429 0.999609 -1.13553
0.996899 -0.0758683 0.0209129 -6.7182 0.0755172 0.996998 0.0171012 143.322 -0.0221475 -0.0154689 0.999635 -1.32849
0.997828 -0.0612453 0.0242555 -6.8838 0.060776 0.997958 0.0196347 149.155 -0.0254085 -0.0181179 0.999513 -1.51019
0.995581 0.0920681 0.0184783 -6.68453 -0.0925446 0.995347 0.0268442 154.166 -0.0159209 -0.0284356 0.999469 -1.66234
0.868595 0.495306 -0.0146505 -5.15009 -0.4951 0.868695 0.0156275 158.282 0.0204672 -0.00632056 0.999771 -1.78415
0.521987 0.851809 -0.0441707 -2.45285 -0.851546 0.5234 0.0303525 160.546 0.0489735 0.0217697 0.998563 -1.78701
0.155367 0.985928 -0.061702 0.581558 -0.986971 0.157569 0.0325524 161.099 0.0418166 0.0558405 0.997564 -1.6976
0.0536533 0.996666 -0.0614631 4.09964 -0.998427 0.0545474 0.0129618 161.13 0.0162713 0.0606709 0.998025 -1.5228
0.0204145 0.998355 -0.0535767 8.15017 -0.999788 0.0202495 -0.00362031 161.063 -0.00252946 0.0536393 0.998557 -1.34649
-0.00274348 0.99884 -0.0480656 12.6189 -0.999992 -0.00288165 -0.00280511 160.911 -0.00294037 0.0480575 0.99884 -1.20845
-0.0112494 0.999079 -0.0414002 17.1688 -0.99984 -0.0118152 -0.0134467 160.68 -0.0139234 0.0412423 0.999052 -1.0624
-0.0193567 0.998823 -0.0444633 21.7656 -0.999709 -0.0199769 -0.0135438 160.379 -0.0144162 0.0441882 0.998919 -0.92731
-0.00391281 0.998881 -0.0471321 26.2351 -0.999879 -0.00461745 -0.0148521 160.113 -0.0150531 0.0470683 0.998778 -0.742371
0.0581252 0.996938 -0.052311 30.5844 -0.998307 0.0581599 -0.000859592 160.112 0.00218544 0.0522724 0.99863 -0.592152
0.0713128 0.996419 -0.0454369 34.9213 -0.99745 0.0713684 -0.000400912 160.191 0.00284328 0.0453496 0.998967 -0.426604
0.123246 0.991356 -0.0449891 39.4572 -0.992372 0.123255 -0.00259379 160.465 0.00297374 0.0449656 0.998984 -0.289759
0.138048 0.989591 -0.0406497 44.3589 -0.990368 0.138368 0.00513984 160.907 0.010711 0.0395486 0.99916 -0.148019
0.143804 0.989283 -0.0252768 49.6974 -0.989543 0.14346 -0.0149529 161.401 -0.0111665 0.0271627 0.999569 -0.0794602
0.133532 0.990664 -0.0274414 55.4216 -0.990949 0.133084 -0.0175641 161.887 -0.0137482 0.0295384 0.999469 0.041371
0.117756 0.991764 -0.0503782 61.458 -0.992942 0.116872 -0.0201581 162.354 -0.0141043 0.0523964 0.998527 0.222097
0.112422 0.992978 -0.0368132 67.5376 -0.99365 0.112175 -0.00871167 162.824 -0.00452097 0.0375588 0.999284 0.430868
0.0959455 0.994858 -0.0324507 73.3288 -0.995287 0.0963451 0.0109811 163.223 0.0140511 0.0312442 0.999413 0.577005
0.0795277 0.996158 -0.0366768 79.3974 -0.996816 0.0792606 -0.00868087 163.469 -0.00574048 0.0372504 0.999289 0.648013
0.0647634 0.997399 -0.0316464 85.5058 -0.9979 0.0646998 -0.00303237 163.659 -0.000976975 0.0317763 0.999495 0.795517
0.0552508 0.99758 -0.0422092 91.1684 -0.998387 0.0546436 -0.0154071 163.753 -0.0130633 0.0429924 0.99899 0.917579
0.0515017 0.998145 -0.0324706 95.8062 -0.998465 0.0508 -0.0220799 163.773 -0.0203894 0.0335579 0.999229 1.03188
0.0509072 0.99792 -0.0395374 101.248 -0.998683 0.0506153 -0.0083489 163.86 -0.00633034 0.0399104 0.999183 1.17748
0.0672547 0.997262 -0.0307584 105.786 -0.997734 0.0671654 -0.0039253 163.954 -0.00184865 0.0309527 0.999519 1.26092
0.0799795 0.996108 -0.0370451 109.714 -0.996796 0.0799381 -0.00260102 164.059 0.000370419 0.0371345 0.99931 1.35059
0.0664245 0.99738 -0.0286667 113.166 -0.997749 0.0661281 -0.0111682 164.143 -0.0092433 0.029344 0.999527 1.43532
-0.0292021 0.999344 -0.0214329 115.628 -0.999573 -0.0292091 -1.82744e-05 164.03 -0.000644298 0.0214232 0.99977 1.47066
-0.29011 0.956652 -0.0255535 117.404 -0.95697 -0.290188 0.000714079 163.475 -0.00673218 0.0246611 0.999673 1.48149
-0.525534 0.850033 -0.0354574 118.856 -0.850759 -0.525302 0.0163259 162.627 -0.00474831 0.0387455 0.999238 1.49905
-0.742868 0.668704 -0.0313366 120.158 -0.669416 -0.741657 0.0427448 161.24 0.00534261 0.052731 0.998594 1.52941
-0.938749 0.344472 -0.00940371 121.269 -0.344591 -0.938165 0.0332259 158.679 0.00262319 0.0344313 0.999404 1.62807
-0.987922 0.15495 0.000952951 121.912 -0.154839 -0.987414 0.0322365 155.31 0.00593599 0.0316996 0.99948 1.68664
-0.990948 0.134194 0.003667 122.177 -0.134009 -0.990461 0.0320819 152.419 0.00793722 0.0313001 0.999479 1.76338
-0.990371 0.137662 0.0146702 122.521 -0.137168 -0.990075 0.0306067 149.189 0.0187379 0.0282997 0.999424 1.81742
-0.994387 0.104681 0.0153604 122.781 -0.104113 -0.993983 0.034018 145.787 0.0188291 0.0322279 0.999303 1.87048
-0.996729 0.0784261 0.0195263 122.955 -0.0778389 -0.996538 0.0292068 141.749 0.0217493 0.0275914 0.999383 1.93727
-0.997423 0.0714109 0.00690258 123.078 -0.0711281 -0.996854 0.0349805 137.218 0.00937885 0.0343993 0.999364 1.99354
-0.996621 0.0781042 0.0254235 123.272 -0.0773211 -0.996541 0.0304514 132.383 0.0277139 0.0283828 0.999213 2.06567
-0.99589 0.0880385 0.0212677 123.457 -0.0874284 -0.995775 0.0280913 127.907 0.0236509 0.0261165 0.999379 2.15311
-0.99525 0.0910191 0.0345282 123.737 -0.0900092 -0.995496 0.0297574 122.335 0.0370812 0.0265082 0.998961 2.23449
-0.995892 0.0843386 0.0329436 123.992 -0.0833815 -0.996083 0.0294215 117.075 0.0352959 0.0265537 0.999024 2.32322
-0.997809 0.0581853 0.0315023 124.133 -0.0573666 -0.998007 0.0262991 111.763 0.0329697 0.0244342 0.999158 2.39986
-0.997975 0.0568991 0.0284439 124.168 -0.0561195 -0.998045 0.0274957 106.749 0.0299528 0.0258437 0.999217 2.46911
-0.99666 0.0763129 0.0290805 124.329 -0.0756056 -0.996832 0.0246917 102.04 0.0308726 0.0224106 0.999272 2.52465
-0.995646 0.0889041 0.0280251 124.493 -0.0881645 -0.995751 0.0266069 97.5401 0.0302715 0.0240202 0.999253 2.5947
-0.995142 0.0947295 0.0268216 124.698 -0.0941783 -0.995331 0.0211236 93.5448 0.0286974 0.0184949 0.999417 2.64564
-0.995942 0.0862919 0.0255496 124.915 -0.0856818 -0.996032 0.0240819 89.1477 0.0275263 0.021795 0.999383 2.68532
-0.996966 0.0719355 0.0297396 125.078 -0.0714595 -0.997302 0.0167722 84.2783 0.0308659 0.0145961 0.999417 2.72764
-0.9982 0.05205 0.0297943 125.162 -0.0516673 -0.998574 0.0134747 80.4475 0.0304531 0.011911 0.999465 2.73151
-0.998847 0.0436562 0.0199826 125.102 -0.0433753 -0.998957 0.0142792 75.9225 0.0205852 0.013396 0.999698 2.7574
-0.994901 0.0993127 0.0175829 125.255 -0.0990633 -0.994975 0.0145322 71.6273 0.0189378 0.0127163 0.99974 2.74034
-0.993055 0.115974 0.0198115 125.616 -0.115682 -0.993168 0.0153241 67.1553 0.0214534 0.0129259 0.999686 2.75595
-0.993414 0.112016 0.0241113 125.925 -0.111703 -0.993643 0.0139698 62.7548 0.0255229 0.0111845 0.999612 2.75631
-0.992932 0.113616 0.0343024 126.211 -0.113238 -0.993486 0.0127727 59.0407 0.0355302 0.00879806 0.99933 2.75397
-0.994777 0.0974625 0.0303327 126.451 -0.0971495 -0.995202 0.0116288 55.1546 0.0313205 0.00862121 0.999472 2.75607
-0.995305 0.0942543 0.0220208 126.65 -0.0939196 -0.995455 0.0157731 50.9798 0.0234074 0.0136309 0.999633 2.73115
-0.994859 0.0984526 0.0237269 126.861 -0.0983042 -0.995129 0.00734436 47.1869 0.0243344 0.00497415 0.999691 2.73165
-0.995556 0.0892804 0.0299423 127.151 -0.0888361 -0.99592 0.0158568 42.0161 0.0312359 0.0131263 0.999426 2.70196
-0.99701 0.0724482 0.0268808 127.293 -0.0722114 -0.997342 0.00968106 37.6659 0.0275107 0.00771102 0.999592 2.71113
-0.997154 0.0670926 0.0343979 127.437 -0.0667393 -0.997706 0.0113214 32.9741 0.0350785 0.00899349 0.999344 2.67895
-0.998943 0.0394178 0.0236243 127.471 -0.0391353 -0.999158 0.0123047 28.352 0.0240894 0.0113672 0.999645 2.67305
-0.999994 0.00210038 -0.00294528 127.286 -0.00212496 -0.999963 0.00836683 23.5958 -0.0029276 0.00837303 0.999961 2.64779
-0.999308 -0.032166 -0.0186761 126.96 0.0320182 -0.999454 0.0081618 19.0013 -0.0189285 0.00755818 0.999792 2.64104
-0.999429 -0.0179441 -0.028626 126.645 0.0177536 -0.999819 0.00689446 14.8711 -0.0287446 0.00638231 0.999566 2.62539
-0.999705 0.0109064 -0.0216861 126.51 -0.0110938 -0.999902 0.00854084 11.3641 -0.0215908 0.00877891 0.999728 2.62487
-0.999367 0.0315329 -0.016451 126.469 -0.0317464 -0.999413 0.0128842 8.37763 -0.0160351 0.0133983 0.999782 2.61034
-0.998877 0.0463665 -0.00971321 126.475 -0.0464838 -0.998845 0.0122211 5.79073 -0.00913533 0.0126589 0.999878 2.62201
-0.99833 0.0561715 -0.013464 126.498 -0.0562054 -0.998417 0.00215208 3.66379 -0.0133218 0.00290524 0.999907 2.62061
-0.998239 0.0576818 -0.013813 126.518 -0.0576894 -0.998334 0.00014773 2.59444 -0.0137815 0.000944332 0.999905 2.61568
-0.998209 0.0580137 -0.0145764 126.519 -0.0580347 -0.998314 0.00101785 2.41892 -0.0144927 0.00186197 0.999893 2.61406
-0.998242 0.0575979 -0.0139452 126.523 -0.0576777 -0.998321 0.00538928 2.20042 -0.0136113 0.00618414 0.999888 2.60797
-0.998111 0.0579018 -0.0205618 126.528 -0.0581739 -0.998223 0.0128904 0.877098 -0.0197789 0.0140622 0.999705 2.60146
-0.998063 0.0580294 -0.0224057 126.557 -0.0582377 -0.998264 0.0087567 -1.11581 -0.0218587 0.0100446 0.999711 2.60994
-0.998245 0.0568622 -0.0165055 126.59 -0.0569432 -0.998367 0.00448389 -2.98096 -0.0162236 0.0054159 0.999854 2.59786
-0.99825 0.0557697 -0.0196789 126.6 -0.0559869 -0.998374 0.010667 -4.21597 -0.019052 0.01175 0.999749 2.59285
-0.998609 0.051037 -0.0132163 126.633 -0.0513019 -0.998472 0.0205482 -5.48152 -0.0121474 0.0211976 0.999701 2.5823
-0.999714 0.0226512 -0.00766523 126.62 -0.0228322 -0.999441 0.0244176 -6.76818 -0.00710786 0.0245856 0.999672 2.59032
-0.99602 -0.0886746 0.00897123 126.437 0.0888361 -0.995854 0.0195663 -8.1566 0.007199 0.0202854 0.999768 2.60232
-0.937066 -0.348924 0.0126009 125.878 0.34913 -0.936798 0.0227375 -9.44391 0.00387087 0.0257059 0.999662 2.62778
-0.74057 -0.671886 0.0111838 124.744 0.671934 -0.740225 0.0238786 -10.6198 -0.00776523 0.0251986 0.999652 2.6503
-0.46216 -0.886655 0.0158527 123.289 0.886524 -0.461501 0.0330618 -11.3292 -0.0219984 0.0293336 0.999328 2.64837
-0.208318 -0.977955 0.0144406 121.518 0.977852 -0.207945 0.0237634 -11.7281 -0.0202367 0.0190711 0.999613 2.676
-0.0974878 -0.995204 0.00807583 119.582 0.995075 -0.0973226 0.0188063 -11.9041 -0.0179301 0.00986944 0.999791 2.67181
-0.0796818 -0.99678 0.00892065 117.486 0.996629 -0.0794877 0.0203244 -11.9926 -0.0195499 0.0105101 0.999754 2.6629
-0.0800815 -0.996788 -0.00029255 115.141 0.996689 -0.0800775 0.014104 -12.0847 -0.0140821 0.000837887 0.999901 2.66409
-0.0851866 -0.996364 -0.00131644 112.125 0.996244 -0.0851969 0.0154905 -12.1959 -0.0155464 8.09226e-06 0.999879 2.62475
-0.0898992 -0.995951 0.000640316 108.741 0.995919 -0.0898912 0.00803488 -12.3144 -0.00794479 0.00136003 0.999968 2.58985
-0.0931515 -0.995628 -0.00687132 105.054 0.995567 -0.0932317 0.0124546 -12.5279 -0.0130407 -0.0056807 0.999899 2.51934
-0.0868144 -0.996217 -0.00391603 101.056 0.996064 -0.0868702 0.017588 -12.6723 -0.0178616 -0.00237373 0.999838 2.45974
-0.0827508 -0.99657 0.000492254 96.6246 0.996319 -0.0827187 0.0225114 -12.828 -0.0223934 0.00235327 0.999746 2.40847
-0.0856187 -0.9963 -0.0075481 91.7478 0.996173 -0.0857365 0.0169764 -13.0314 -0.0175608 -0.00606572 0.999827 2.30283
-0.0803096 -0.996714 -0.0106016 86.413 0.996612 -0.0804816 0.0169357 -13.231 -0.0177332 -0.0092056 0.9998 2.19518
-0.0762277 -0.997024 -0.0115438 80.8825 0.99688 -0.0764445 0.0196757 -13.4118 -0.0204996 -0.010008 0.99974 2.09098
-0.0816293 -0.996609 -0.0104037 75.2254 0.99637 -0.081854 0.0233906 -13.5958 -0.0241628 -0.0084566 0.999672 1.95349
-0.0856955 -0.996168 -0.017468 69.3562 0.996116 -0.0860207 0.018807 -13.8303 -0.0202375 -0.0157885 0.999671 1.79652
-0.0736086 -0.997253 -0.0082853 63.6361 0.997079 -0.0737604 0.0198034 -14.0418 -0.0203601 -0.00680339 0.99977 1.6495
-0.0829219 -0.996377 -0.018876 58.2879 0.996331 -0.0832905 0.0196602 -14.255 -0.0211612 -0.0171765 0.999629 1.54415
-0.0818871 -0.996253 -0.0278459 53.5287 0.996411 -0.0824375 0.0192265 -14.4261 -0.0214499 -0.0261716 0.999427 1.41525
-0.0805986 -0.996557 -0.0194513 49.2381 0.996595 -0.0809112 0.015857 -14.5858 -0.0173762 -0.0181071 0.999685 1.27695
-0.0809625 -0.996636 -0.0127288 44.772 0.996604 -0.0811394 0.0140543 -14.7435 -0.0150398 -0.0115477 0.99982 1.1427
-0.0825304 -0.996442 -0.0170873 39.9843 0.99647 -0.0827727 0.0139985 -14.9202 -0.015363 -0.0158716 0.999756 1.0127
-0.0827633 -0.996552 -0.005936 34.4059 0.996303 -0.0828774 0.0226203 -15.1131 -0.0230342 -0.00404193 0.999727 0.881351
-0.0818686 -0.996509 -0.0163278 28.2998 0.996292 -0.0822637 0.0252036 -15.3324 -0.0264588 -0.0142039 0.999549 0.737295
-0.0798739 -0.996648 -0.0176815 22.0244 0.996508 -0.0802708 0.0230021 -15.5519 -0.0243443 -0.0157825 0.999579 0.592041
-0.0768162 -0.996871 -0.0186311 15.9375 0.996772 -0.0772192 0.0219738 -15.7548 -0.0233437 -0.016883 0.999585 0.442534
-0.0755507 -0.996915 -0.0212563 10.6684 0.996927 -0.0759596 0.0191363 -15.9099 -0.0206919 -0.0197452 0.999591 0.297662
-0.0392762 -0.999043 -0.0192446 6.54416 0.999061 -0.039615 0.0175507 -16.0331 -0.0182963 -0.0185372 0.999661 0.162199
0.193825 -0.980886 -0.0171757 3.07284 0.981035 0.193823 0.00180627 -15.6247 0.0015573 -0.0172001 0.999851 0.058862
0.569723 -0.820966 -0.0378188 0.377245 0.821569 0.570108 0.000708349 -14.1527 0.0209793 -0.0314743 0.999284 -0.0419243
0.879295 -0.475266 -0.0310195 -1.14086 0.475262 0.879808 -0.00794712 -11.8338 0.0310682 -0.00775452 0.999487 -0.132482
0.994096 -0.107561 -0.0142409 -1.60576 0.107088 0.993779 -0.0305996 -8.54088 0.0174436 0.028894 0.99943 -0.174399
0.999998 -0.00132142 0.00118693 -1.53665 0.00136311 0.999357 -0.035836 -4.39277 -0.00113881 0.0358375 0.999357 -0.0780487
0.99713 0.0743634 0.0142398 -1.17747 -0.073906 0.996804 -0.0303297 -0.421135 -0.0164497 0.0291902 0.999439 0.0288189
0.989708 0.141166 0.0234528 -0.671328 -0.140478 0.989665 -0.0287883 2.41861 -0.0272743 0.0251974 0.99931 0.0608525
0.99066 0.131603 0.0356966 -0.317475 -0.130474 0.990925 -0.0322996 4.16784 -0.0396234 0.0273404 0.998841 0.0843311
0.993858 0.103936 0.0379816 -0.0881491 -0.103079 0.994386 -0.0238785 5.57768 -0.0402502 0.0198167 0.998993 0.120261
0.998087 0.0375398 0.0491135 0.0573516 -0.0366725 0.999157 -0.0184427 6.83167 -0.0497644 0.0166063 0.998623 0.114532
0.996493 -0.0655762 0.0519697 0.0188088 0.0666253 0.997602 -0.0187171 7.86062 -0.0506177 0.022114 0.998473 0.127654
0.993352 -0.10495 0.0472923 -0.0539946 0.105954 0.994184 -0.0192601 8.27961 -0.0449959 0.0241429 0.998695 0.136308
0.993316 -0.104765 0.0484512 -0.0529729 0.105845 0.994175 -0.0203007 8.27401 -0.0460422 0.0252933 0.998619 0.131437
0.993293 -0.104717 0.0490299 -0.0533042 0.105811 0.994179 -0.020284 8.27244 -0.0466204 0.0253359 0.998591 0.131052
